cell_id,cycle,ambient_temperature,capacity_ah,voltage_mean,voltage_min,voltage_max,voltage_std,voltage_range,current_mean,current_min,current_max,current_std,temperature_mean,temperature_min,temperature_max,temperature_std,discharge_duration_s,voltage_start,voltage_end,voltage_drop,resistance_proxy_ohm,reference_capacity_ah,soh,capacity_fade_pct,capacity_change_ah,soh_change_pct,eol_cycle_observed,rul_cycles,eol_cycle_threshold,is_pre_eol,rul_cycles_80,soh_slope_pct_per_cycle,soh_slope_early_pct_per_cycle,discharge_index,load_a,last_load_a,delta_load_a,prev_capacity_change_ah,d_voltage_mean,d_voltage_end,d_voltage_drop,d_discharge_duration_s,d_resistance_proxy_ohm,d_temperature_mean,sl_voltage_mean,sl_voltage_end,sl_voltage_drop,sl_discharge_duration_s,sl_resistance_proxy_ohm,sl_temperature_mean,predicted_rul,implied_eol_cycle
B0007,2,24.0,1.89105229539079,3.522006703394617,2.145975766935391,4.199497433806136,0.2874452516516924,2.0535216668707448,-1.8691188840185693,-1.996867242177128,0.0009103844987851,0.4752966796525294,32.62485875142121,23.92407356409745,40.59042914535701,3.8821725491629793,3690.234,4.199359521791473,3.062112709085676,1.1372468127057975,1.027903025567257,1.89105229539079,100.0,0.0,,,614,612,445,True,443.0,-0.0499074258552199,-0.0216433862837732,1,1.8691188840185693,,,,,,,,,,,,,,,,131.96123,133.9612274169922
B0007,4,24.0,1.880637027686859,3.531949043431712,2.111016698785212,4.198510349854315,0.2797089856913086,2.087493651069104,-1.8680422715350309,-1.994391196351152,0.0036015506039289,0.4765995999482217,32.738209593287145,24.261106709876195,40.26023408628707,3.767777623445933,3672.344,4.198257409594461,3.0792262382335167,1.1190311713609449,1.0447954099184902,1.89105229539079,99.44923428456649,0.5507657154335277,-0.010415267703931,-0.5507657154335277,614,610,445,True,441.0,-0.0499074258552199,-0.0216433862837732,2,1.8680422715350309,1.8691188840185693,-0.0010766124835384,,0.009942340037095,0.0171135291478408,-0.0182156413448526,-17.889999999999873,0.0168923843512331,0.1133508418659374,,,,,,,192.7171,196.71710205078125
B0007,6,24.0,1.8806626717011388,3.5344025220217845,2.025108512818265,4.198280074112568,0.2837265457450501,2.1731715612943026,-1.877784734502072,-1.994681656822022,-0.0010276902277484,0.4584167741596034,32.68511456550919,24.3190033925327,40.27558633997852,3.746724750145294,3651.641,4.198280074112568,3.063265547096864,1.1350145270157048,1.0900445100845138,1.89105229539079,99.45059035569906,0.5494096443009369,2.5644014279846417e-05,0.0013560711325908,614,608,445,True,439.0,-0.0499074258552199,-0.0216433862837732,3,1.877784734502072,1.8680422715350309,0.009742462967041,-0.010415267703931,0.0024534785900725,-0.0159606911366529,0.0159833556547599,-20.70299999999997,0.0452491001660235,-0.0530950277779567,0.0061979093135837,0.0005764190055939,-0.0011161428450463,-19.296499999999924,0.0310707422586283,0.0301279070439903,189.89828,195.89828491210938
B0007,8,24.0,1.8807709009833444,3.53492504932652,1.922542180649595,4.198267468745592,0.2900870287846462,2.2757252880959973,-1.8875256535871228,-1.9952731083659303,-0.0006983471237198,0.4392237162661777,32.554748499572646,24.22357872488708,40.29314715799111,3.748713692085809,3631.563,4.197941750771344,3.039420908181304,1.1585208425900402,1.1409576278197202,1.89105229539079,99.45631358622364,0.5436864137763564,0.0001082292822056,0.0057232305245804,614,606,445,True,437.0,-0.0499074258552199,-0.0216433862837732,4,1.8875256535871228,1.877784734502072,0.0097409190850508,2.5644014279846417e-05,0.0005225273047355,-0.0238446389155595,0.0235063155743353,-20.07799999999997,0.0509131177352064,-0.1303660659365419,0.0041208516385781,-0.0084036093849768,0.0079805445307487,-19.671599999999945,0.0384412906923413,-0.026342578332364,184.19942,192.1994171142578
B0007,10,24.0,1.879450872828505,3.534536640068787,1.871159045064988,4.198464224146956,0.2922064159996836,2.3273051790819674,-1.8871559747738404,-1.9935500451030048,0.0005983417342468,0.439454184988277,32.46787845303298,24.13830760704513,40.2688726302198,3.757399994843755,3629.172,4.198464224146956,3.0431671777523723,1.1552970463945833,1.167067202442797,1.89105229539079,99.3865096914262,0.6134903085737875,-0.0013200281548388,-0.0698038947974311,614,604,445,True,435.0,-0.0499074258552199,-0.0216433862837732,5,1.8871559747738404,1.8875256535871228,-0.0003696788132823,0.0001082292822056,-0.000388409257733,0.0037462695710681,-0.0032237961954568,-2.3910000000000764,0.0261095746230768,-0.0868700465396656,0.0028035879243148,-0.0077696392718819,0.0075590138606666,-16.290499999999973,0.037449057165231,-0.0497421690490952,187.83223,197.8322296142578
B0007,12,24.0,1.8807003517117404,3.5411626672196816,2.175686706590344,4.197967993115647,0.2667430847635834,2.0222812865253035,-1.8675154082122565,-1.994104174576412,-0.0004243475852501,0.4775262409169319,32.48624734055599,24.135840711684263,39.67620802332074,3.7187797514899983,3652.281,4.197902988175172,3.1233879823287563,1.0745150058464157,1.014346064572117,1.89105229539079,99.45258289766596,0.5474171023340375,0.0012494788832349,0.06607320623975,614,602,445,True,433.0,-0.0499074258552199,-0.0216433862837732,6,1.8675154082122565,1.8871559747738404,-0.0196405665615839,-0.0013200281548388,0.0066260271508946,0.0802208045763839,-0.0807820405481676,23.108999999999924,-0.1527211378706801,0.0183688875230103,0.0029732896097509,0.0049815584530402,-0.0051815741034759,-9.695971428571426,0.009998391152355,-0.0466976154578605,182.23808,194.2380828857422
B0007,14,24.0,1.8799352523566075,3.541165612176161,2.111788715601944,4.198023461704379,0.2711863392112483,2.086234746102435,-1.8673304059806155,-1.993164510431567,0.0005401764510727,0.4774906738400573,32.55779966353037,24.255515986671373,39.80381766292616,3.715226156950988,3650.828,4.197891547056767,3.1185821288267825,1.0793094182299847,1.04641111586314,1.89105229539079,99.41212397661984,0.5878760233801472,-0.0007650993551329,-0.0404589210461097,614,600,445,True,431.0,-0.0499074258552199,-0.0216433862837732,7,1.8673304059806155,1.8675154082122565,-0.0001850022316409,0.0012494788832349,2.9449564795669403e-06,-0.0048058535019737,0.004794412383569,-1.4529999999999743,0.0320650512910229,0.0715523229743766,0.002715646141699,0.0084869063596181,-0.0086629283956292,-6.457607142857147,0.0025588668768994,-0.0329406386289655,197.02052,211.02052307128906
B0007,16,24.0,1.88150881240388,3.549458117635797,2.026250619894166,4.199372697237068,0.2729782429415227,2.1731220773429025,-1.9063154499484405,-1.9936540341331743,-0.000328171819449,0.3979115030496563,32.45374435641106,24.30295214496604,39.88810476942348,3.66750069286357,3572.453,4.19920088820775,3.0484292097717485,1.1507716784360018,1.0901991081480682,1.89105229539079,99.49533479268813,0.5046652073118878,0.0015735600472723,0.0832108160682594,614,598,445,True,429.0,-0.0499074258552199,-0.0216433862837732,8,1.9063154499484405,1.8673304059806155,0.0389850439678249,-0.0007650993551329,0.0082925054596358,-0.070152919055034,0.071462260206017,-78.375,0.0437879922849282,-0.1040553071193102,0.0030730329731722,0.0033941492028045,-0.0034363936338892,-11.101404761904767,0.0028948255461287,-0.0331347873244547,206.3345,222.33450317382812
B0007,18,24.0,1.8696907870385844,3.5502805464079743,1.950589433290604,4.19921182024681,0.2771296154486181,2.2486223869562063,-1.916425930003817,-1.99377953803378,0.0005697252689816,0.3744374354627782,32.373246444985035,24.257530932186896,39.95162250671474,3.662879470802171,3550.594,4.198273632768149,3.016246202253228,1.1820274305149217,1.127496787213867,1.89105229539079,98.87039039563994,1.1296096043600556,-0.0118180253652955,-0.6249443970481678,614,596,445,True,427.0,-0.0499074258552199,-0.0216433862837732,9,1.916425930003817,1.9063154499484405,0.0101104800553764,0.0015735600472723,0.0008224287721771,-0.0321830075185203,0.0312557520789198,-21.858999999999924,0.0372976790657988,-0.080497911426022,0.0030897732144599,-0.0013542812517967,0.0013154656357767,-13.985683333333334,0.0053451298264137,-0.0363829316557874,192.05034,210.0503387451172
B0007,20,24.0,1.870052380139199,3.5481347674910286,1.868824706765806,4.198957678253482,0.283812978267983,2.330132971487676,-1.9165016044519976,-1.99378312138298,0.0035107556642499,0.3742086617157418,32.30534276235138,24.189583713016194,40.05202185471829,3.6783546666995854,3551.25,4.198830761298339,3.005452831952688,1.193377929345651,1.1666450281880951,1.89105229539079,98.88951165957832,1.110488340421668,0.0003615931006146,0.0191212639383877,614,594,445,True,425.0,-0.0499074258552199,-0.0216433862837732,10,1.9165016044519976,1.916425930003817,7.56744481806848e-05,-0.0118180253652955,-0.0021457789169456,-0.01079337030054,0.0113504988307293,0.6559999999999491,0.039148240974228,-0.0679036826336556,0.0028127199483116,-0.0042865234313434,0.0042819594382404,-14.655406060606062,0.0084363635226214,-0.039755846095986,182.28012,202.28012084960938
B0007,22,24.0,1.8700442394188577,3.548427214895644,1.7896213776724978,4.198832114024662,0.2888963372471808,2.409210736352164,-1.926771167846017,-1.9942511729128327,-9.593499764332656e-05,0.3483926910622938,32.183319483399806,24.062655752137022,40.1213838436794,3.687673913430504,3530.25,4.198720291823363,2.966533480141811,1.2321868116815518,1.2081360019247538,1.89105229539079,98.8890811733162,1.1109188266837862,-8.140720341387464e-06,-0.0004304862621182,614,592,445,True,423.0,-0.0499074258552199,-0.0216433862837732,11,1.926771167846017,1.9165016044519976,0.0102695633940195,0.0003615931006146,0.0002924474046155,-0.0389193518108772,0.0388088823359007,-21.0,0.0414909737366586,-0.1220232789515733,0.0022180249971204,-0.0092352552479927,0.0093072474383473,-15.503260606060614,0.0105480334555091,-0.0517016597025464,186.65302,208.65301513671875
B0007,25,24.0,1.8596518987766364,3.5560433603714667,1.910336108594535,4.198945227315025,0.2760417717530499,2.2886091187204896,-1.936979366983281,-1.9938120330189373,-0.0018154689461531,0.3204322222158979,32.378853181816005,24.334878490739897,40.174657039770814,3.63791535075196,3491.016,4.198945227315025,2.9583476203190093,1.2405976069960154,1.1489021416991096,1.89105229539079,98.33952785490447,1.660472145095525,-0.0103923406422212,-0.5495533184117392,614,589,445,True,420.0,-0.0499074258552199,-0.0216433862837732,12,1.936979366983281,1.926771167846017,0.010208199137264,-8.140720341387464e-06,0.0076161454758225,-0.0081858598228015,0.0084107953144636,-39.23399999999992,-0.0592338602256441,0.1955336984161988,0.0023813302076771,-0.0123310504579223,0.0124261421359409,-17.744618181818186,0.0083702823769894,-0.0400732849314467,182.378,207.3780059814453
B0007,27,24.0,1.8590746560862208,3.5604849642800684,1.9086884059809104,4.199051302806796,0.2717170193494012,2.2903628968258856,-1.947065774665518,-1.9942213710086447,0.0021769059281878,0.2882487625048244,32.2913249500013,24.352069874766624,40.016434730174936,3.582678179632668,3470.281,4.199051302806796,2.896976191688246,1.3020751111185491,1.1472474822709708,1.89105229539079,98.30900290898823,1.6909970910117522,-0.0005772426904155,-0.0305249459162268,614,587,445,True,418.0,-0.0499074258552199,-0.0216433862837732,13,1.947065774665518,1.936979366983281,0.0100864076822368,-0.0103923406422212,0.0044416039086017,-0.0613714286307631,0.0614775041225337,-20.735000000000127,-0.0016546594281388,-0.0875282318147085,0.002658417635135,-0.0183732288457369,0.0184903797307163,-20.29926060606061,0.0078569840464199,-0.0324030105782114,185.97572,212.97572326660156
B0007,29,24.0,1.8590084577709232,3.5562872542469752,1.7868782934275431,4.198107645780677,0.2826191895837473,2.411229352353134,-1.946961601670498,-1.9939995868905829,-0.0004508051048845,0.2883646179237529,32.14782797344657,24.125190486792462,40.16569230743226,3.622670216832461,3470.0,4.197967675754507,2.876004651491185,1.3219630242633214,1.209516102331493,1.89105229539079,98.30550230165662,1.6944976983433833,-6.619831529763864e-05,-0.003500607331631,614,585,445,True,416.0,-0.0499074258552199,-0.0216433862837732,14,1.946961601670498,1.947065774665518,-0.0001041729950199,-0.0005772426904155,-0.0041977100330932,-0.0209715401970611,0.0198879131447722,-0.280999999999949,0.0622686200605222,-0.1434969765547293,0.0024252233991849,-0.0251333234700816,0.0251815235158855,-22.009460606060603,0.0134409943901477,-0.0364777076387866,187.68007,216.68006896972656
B0007,31,24.0,1.8593622586957048,3.5647746218187324,2.1361343961784502,4.19925638222589,0.2549992595793087,2.06312198604744,-1.946851050742258,-1.994356138623711,-0.0011324628611877,0.2889420202723332,32.01380948237792,24.072501109913752,39.46139677634257,3.570709862627515,3450.297,4.19925638222589,2.9490333218639506,1.2502230603619395,1.035067971113767,1.89105229539079,98.32421151057927,1.675788489420711,0.0003538009247816,0.0187092089226723,614,583,445,True,414.0,-0.0499074258552199,-0.0216433862837732,15,1.946851050742258,1.946961601670498,-0.0001105509282399,-6.619831529763864e-05,0.0084873675717571,0.0730286703727656,-0.0717399639013818,-19.70299999999997,-0.1744481312177261,-0.1340184910686446,0.0023701467175976,-0.0256794816579604,0.0257635412609999,-22.995430303030297,0.0104192786179407,-0.0487214706345253,187.10172,218.10171508789062
B0007,33,24.0,1.8587355450601035,3.565438928797127,2.0133501283179167,4.199087384946408,0.2598113371383103,2.185737256628491,-1.9574063719005568,-1.9935665024864544,0.0005922421493807,0.2517107639272867,31.88131010347136,23.938131916668528,39.5636595172155,3.5607713646101,3429.407,4.198809496382092,2.817578542562853,1.381230953819239,1.0960698402311202,1.89105229539079,98.29107051087615,1.708929489123847,-0.0006267136356012,-0.0331409997031357,614,581,445,True,412.0,-0.0499074258552199,-0.0216433862837732,16,1.9574063719005568,1.946851050742258,0.0105553211582987,0.0003538009247816,0.0006643069783947,-0.1314547793010976,0.1310078934572995,-20.889999999999876,0.0610018691173532,-0.1324993789065622,0.002426519114589,-0.0269068304615532,0.0269553563827879,-21.41207272727272,0.0021435190162595,-0.0614640136672084,184.62631,217.62631225585938
B0007,35,24.0,1.847817291322145,3.565961679108638,1.8575547668336485,4.199009971925293,0.2666938102935131,2.341455205091645,-1.9680136940585704,-1.993742172224942,-0.0019590482402041,0.2065885715543249,31.854304304240515,23.932016714666645,39.628948319501816,3.552969052142723,3409.484,4.19879257501117,1.8575547668336485,2.341237808177522,1.175557306865497,1.89105229539079,97.7137065868551,2.286293413144904,-0.0109182537379586,-0.5773639240210571,614,579,445,True,410.0,-0.0499074258552199,-0.0216433862837732,17,1.9680136940585704,1.9574063719005568,0.0106073221580136,-0.0006267136356012,0.0005227503115108,-0.9600237757292044,0.9600068543582828,-19.92300000000023,0.0794874666343767,-0.0270057992308458,0.0022173437792772,-0.0771127216321324,0.0771130401682011,-18.31078787878788,-0.0006494817212238,-0.0635768728586201,183.21025,218.2102508544922
B0007,37,24.0,1.8485252916137047,3.572496559005355,2.165755612420893,4.1985172274243965,0.2443446202400194,2.032761615003503,-1.9680499927642312,-1.9946244036549008,0.0004326258514957,0.2072756278223803,31.85655540457676,23.97681979044544,39.22534721491488,3.5240064913765976,3390.422,4.1985172274243965,2.165755612420893,2.032761615003503,1.018899001351573,1.89105229539079,97.75114607455647,2.2488539254435125,0.0007080002915598,0.0374394877013912,614,577,445,True,408.0,-0.0499074258552199,-0.0216433862837732,18,1.9680499927642312,1.9680136940585704,3.6298705660797737e-05,-0.0109182537379586,0.006534879896717,0.3082008455872445,-0.3084761931740187,-19.061999999999895,-0.1566583055139239,0.0022511003362417,0.0026168917485806,-0.0998993387138261,0.0999127987645534,-18.54886666666667,-0.0106336898314091,-0.0639767487573441,170.11826,207.11825561523438
B0007,39,24.0,1.848378951850034,3.5699492020415136,2.0270686341513207,4.198245740608724,0.2532936670816869,2.171177106457403,-1.9680218912213907,-1.994455565707021,-0.0024409084852146,0.2071688448563672,31.86718260708393,23.9807756950204,39.4126321606434,3.5311983271559155,3390.281,4.198141640180731,2.0270686341513207,2.1710730060294106,1.0899403267872878,1.89105229539079,97.74340753850292,2.2565924614970783,-0.0001463397636707,-0.0077385360535657,614,575,445,True,406.0,-0.0499074258552199,-0.0216433862837732,19,1.9680218912213907,1.9680499927642312,-2.8101542840497373e-05,0.0007080002915598,-0.0025473569638414,-0.1386869782695723,0.1383113910259075,-0.1410000000000764,0.0710413254357147,0.0106272025071731,0.002653067724431,-0.1216971599920542,0.1216497447485801,-18.04546666666667,-0.0133921608977265,-0.0619248325315412,173.07816,212.07815551757812
B0007,42,24.0,1.8807805437609768,3.5464338449590023,1.905311669649934,4.196262462698172,0.2870418502164071,2.2909507930482382,-1.90666567906068,-1.9992261048783584,-0.0008292148953224,0.3970264906393026,32.35216872128999,24.35868522365832,39.95874037686836,3.6200786747538674,3591.734,4.196060627765756,2.990508602000316,1.20555202576544,1.146394294612661,1.89105229539079,99.45682350219244,0.5431764978075648,0.0324015919109428,1.7134159636895134,614,572,445,True,403.0,-0.0499074258552199,-0.0216433862837732,20,1.90666567906068,1.9680218912213907,-0.0613562121607107,-0.0001463397636707,-0.0235153570825112,0.9634399678489952,-0.9655209802639706,201.453,0.0564539678253732,0.4849861142060625,0.0010251279845476,-0.0796732371882287,0.0794901786946268,-4.566800000000008,-0.0100062120731467,-0.031811933307638,162.24953,204.24952697753906
B0007,46,24.0,1.88147215974436,3.5531968089006387,1.7951975189442124,4.1969587758867,0.2883972011276421,2.401761256942488,-1.926711860467765,-1.9940266531677509,0.0007573311396121,0.3474355799752832,32.60219299451182,24.65025766803762,40.31302300333008,3.609319632122495,3552.297,4.196697192985168,2.9244436686756003,1.2722535243095674,1.2040207239664786,1.89105229539079,99.49339657767368,0.5066034223263074,0.0006916159833831,0.0365730754812574,614,568,445,True,399.0,-0.0499074258552199,-0.0216433862837732,21,1.926711860467765,1.90666567906068,0.0200461814070855,0.0324015919109428,0.0067629639416364,-0.0660649333247156,0.0667014985441274,-39.4369999999999,0.0576264293538175,0.2500242732218254,-0.0001938090766111,-0.0436663374749326,0.043408570214931,4.870042424242418,-0.0004654751125762,0.0032361809020341,182.43109,228.43109130859375
B0007,50,24.0,1.8810954313244783,3.5599340214678805,2.1058524852518143,4.197071720130598,0.262396085205122,2.091219234878784,-1.9260915660103672,-1.993858646326954,0.0013452537587627,0.3484920989459363,32.19571819720114,24.30627397473693,39.359447242364645,3.5383074860799546,3531.578,4.196951235755862,2.985701673091382,1.2112495626644804,1.0481230689198944,1.89105229539079,99.47347494881129,0.5265250511887132,-0.0003767284198816,-0.0199216288624057,614,564,445,True,395.0,-0.0499074258552199,-0.0216433862837732,22,1.9260915660103672,1.926711860467765,-0.0006202944573983,0.0006916159833831,0.0067372125672418,0.0612580044157815,-0.061003961645087,-20.71900000000005,-0.1558976550465842,-0.406474797310679,-0.0005953320448655,-0.0043536365214933,0.0040745354830975,10.293921212121209,-0.003327288467065,0.0240712677453916,195.57404,245.57403564453125
B0007,54,24.0,1.8710089649779995,3.5595604968238,1.846021007590992,4.19690260801443,0.2755055664428783,2.3508816004234374,-1.9468340181835688,-1.9927272592846583,0.0006146261200233,0.2875425978967295,31.805988160181123,23.9467139821556,39.454159451189874,3.5365956799637424,3492.907,4.196666467438727,2.8624482917296183,1.334218175709109,1.1793669804646527,1.89105229539079,98.94009644991608,1.0599035500839165,-0.0100864663464788,-0.5333784988952033,614,560,445,True,391.0,-0.0499074258552199,-0.0216433862837732,23,1.9468340181835688,1.9260915660103672,0.0207424521732015,-0.0003767284198816,-0.0003735246440808,-0.1232533813617635,0.1229686130446285,-38.67099999999982,0.1312439115447583,-0.3897300370200156,-0.0007682816858165,0.0238131598698914,-0.0240978862098716,11.734478787878787,0.0020809108799716,0.0200329551104933,176.57246,230.5724639892578
B0007,58,24.0,1.8701995151941373,3.552385161941813,1.7370300333706354,4.1966416719103465,0.2881767172049014,2.459611638539711,-1.9364196896718648,-1.9934659604006035,-0.0002739360521714,0.3198201269594437,31.737001978644926,23.7951049382806,39.64174827400944,3.6015349556344587,3511.594,4.1966416719103465,2.9139323032496045,1.282709368660742,1.2340063619027124,1.89105229539079,98.89729225111972,1.1027077488802774,-0.0008094497838622,-0.0428041987963609,614,556,445,True,387.0,-0.0499074258552199,-0.0216433862837732,24,1.9364196896718648,1.9468340181835688,-0.0104143285117039,-0.0100864663464788,-0.0071753348819867,0.0514840115199861,-0.0515088070483669,18.686999999999895,0.0546393814380596,-0.0689861815361965,-0.0016012548988243,0.0538085923911516,-0.054143631224198,13.901339393939397,0.0142313542101655,0.0085481649223377,164.71848,222.71847534179688
B0007,62,24.0,1.8706715362800983,3.5707670304281067,2.0506492642329937,4.1971302559922,0.2505087558173121,2.1464809917592067,-1.9675984733558023,-1.993000639305042,-0.0003786300348992,0.2061696647227011,31.51707667966367,23.71845701771557,38.86906912217273,3.467097459094623,3431.9370000000054,4.1971302559922,2.0506492642329937,2.1464809917592067,1.0772143345668552,1.89105229539079,98.92225301434723,1.077746985652766,0.000472021085961,0.0249607632275115,614,552,445,True,383.0,-0.0499074258552199,-0.0216433862837732,25,1.9675984733558023,1.9364196896718648,0.0311787836839374,-0.0008094497838622,0.0183818684862937,-0.8632830390166109,0.8637716230984647,-79.6569999999947,-0.1567920273358571,-0.2199252989812556,-0.0008184581465211,0.0411247080604972,-0.0413814228071538,9.905569696969993,0.0059027780945403,-0.0188874077081396,169.15956,231.15956115722656
B0007,66,24.0,1.8596124644020169,3.565722484743929,1.8254369744762284,4.19652461108806,0.2672429322671614,2.371087636611832,-1.9680130544442065,-1.9947910338783703,-0.0014954156580665,0.2060166906789619,31.442860781038384,23.64183560576637,39.11839966443177,3.4910890369414163,3431.125,4.196450282799754,1.8254369744762284,2.3710133083235254,1.1895313544755777,1.89105229539079,98.33744254109716,1.6625574589028531,-0.0110590718780814,-0.5848104732500872,614,548,445,True,379.0,-0.0499074258552199,-0.0216433862837732,26,1.9680130544442065,1.9675984733558023,0.0004145810884041,0.000472021085961,-0.0050445456841776,-0.2252122897567652,0.2245323165643187,-0.8120000000053551,0.1123170199087224,-0.0742158986252867,-0.000339166555515,0.0182823687912911,-0.01850187006093,4.695387878788116,0.0072565111459649,-0.0531834085214732,173.60164,239.6016387939453
B0007,70,24.0,1.860033909718346,3.571283506748709,2.134879000684994,4.196790308710931,0.2454629972635874,2.0619113080259366,-1.967557275755036,-1.9956093835681803,0.0005398984445576,0.2067971048262254,31.32326275303232,23.51989277533736,38.68010761281634,3.477481789559444,3412.406,4.196790308710931,2.134879000684994,2.0619113080259366,1.032944442886,1.89105229539079,98.35972882674648,1.6402711732535096,0.0004214453163291,0.0222862856493435,614,544,445,True,375.0,-0.0499074258552199,-0.0216433862837732,27,1.967557275755036,1.9680130544442065,-0.0004557786891707,-0.0110590718780814,0.0055610220047799,0.3094420262087656,-0.3091020002975888,-18.71900000000005,-0.1565869115895777,-0.1195980280060631,0.000474866487467,-0.0396569411504551,0.039520668662592,-2.884854545454381,0.0042354375318321,-0.0904887875089153,177.8648,247.86480712890625
B0007,74,24.0,1.8591653109160768,3.56797162748914,1.970455493406623,4.196693048697735,0.256383090128758,2.2262375552911124,-1.967618505240168,-1.9936520198661487,-8.502750867487407e-05,0.2065711513338981,31.28571570579735,23.467259682273063,38.863045678198645,3.496093238915817,3410.688,4.196693048697735,1.970455493406623,2.2262375552911124,1.1167106818208778,1.89105229539079,98.31379679174216,1.6862032082578509,-0.0008685988022691,-0.0459320350043412,614,540,445,True,371.0,-0.0499074258552199,-0.0216433862837732,28,1.967618505240168,1.967557275755036,6.122948513231918e-05,0.0004214453163291,-0.0033118792595687,-0.164423507278371,0.1643262472651758,-1.7179999999998472,0.0837662389348778,-0.0375470472349697,0.0014794032289195,-0.0893795888603731,0.0893271534514205,-11.865024242424136,-0.0029318147627871,-0.1232552466115071,182.22232,256.2223205566406
B0007,78,24.0,1.8481398178778288,3.5646314038791784,1.813269430976001,4.197078923354,0.2688392479727567,2.383809492377999,-1.9678214300979184,-1.9944764248874856,-0.0021454320098209,0.2065564568256399,31.331850868998004,23.492198340361576,39.14531169811219,3.5126895678617203,3410.718,4.197078923354,1.813269430976001,2.383809492377999,1.1964927017146354,1.89105229539079,97.73076198804468,2.2692380119553093,-0.011025493038248,-0.5830348036974584,614,536,445,True,367.0,-0.0499074258552199,-0.0216433862837732,29,1.9678214300979184,1.967618505240168,0.0002029248577504,-0.0008685988022691,-0.0033402236099617,-0.157186062430622,0.1575719370868866,0.0299999999997453,0.0797820198937575,0.0461351632006525,0.0021867698124358,-0.1545545461752145,0.1546040676614111,-21.098606060606038,-0.0021968282822666,-0.1458774930235316,179.00226,257.00225830078125
B0007,82,24.0,1.849201702126164,3.568983888921194,2.048365732409564,4.196062203382386,0.2510097241436422,2.1476964709728223,-1.967505635477996,-1.9940826161567085,-0.0025121744881896,0.2070579900700325,31.32285733932258,23.51112503683739,38.8380564174779,3.493749326793328,3392.719,4.196062203382386,2.048365732409564,2.1476964709728223,1.078393425629225,1.89105229539079,97.78691507545128,2.21308492454871,0.0010618842483351,0.0561530874065994,614,532,445,True,363.0,-0.0499074258552199,-0.0216433862837732,30,1.967505635477996,1.9678214300979184,-0.0003157946199223,-0.011025493038248,0.0043524850420153,0.2350963014335632,-0.2361130214051767,-17.998999999999796,-0.1180992760854104,-0.0089935296754219,0.0016283123583472,-0.1400852321834398,0.1400554003668717,-18.13147272727277,-0.0054315665808023,-0.1301690184333759,172.90013,254.90013122558594
B0007,86,24.0,1.8834677437950849,3.564620688944316,2.181560983985832,4.206531081984383,0.242356483976059,2.0249700979985508,-1.9683447778186904,-1.994081294125572,-0.0020329549327671,0.2052121714544894,31.60843645212248,23.527236127318183,38.95965174080089,3.51820888005486,3470.672,4.206370624421659,2.8828887698944623,1.323481854527197,1.0165265863071808,1.89105229539079,99.5989242807197,0.4010757192802998,0.0342660416689208,1.81200920526841,614,528,445,True,359.0,-0.0499074258552199,-0.0216433862837732,31,1.9683447778186904,1.967505635477996,0.0008391423406943,0.0010618842483351,-0.0043631999768778,0.8345230374848982,-0.8242146164456254,77.95299999999997,-0.061866839322044,0.2855791127998976,0.0010093925748144,-0.0730808951009152,0.0735764060757264,-11.129187878787985,-0.0073748448371534,-0.0697387148458021,180.28517,266.28517150878906
B0007,90,24.0,1.8628211117905844,3.569438814221784,2.1177799354077496,4.203187727641822,0.2390427400001807,2.085407792234073,-1.978806775438716,-2.003329552797809,0.0016192589541852,0.1469868865058396,31.782101501165204,23.9542942093336,39.05387577229197,3.380302800718849,3414.109,4.203187727641822,2.1177799354077496,2.085407792234073,1.0401301918584993,1.89105229539079,98.50711777410832,1.4928822258916767,-0.0206466320045004,-1.091806506611377,614,524,445,True,355.0,-0.0499074258552199,-0.0216433862837732,32,1.978806775438716,1.9683447778186904,0.0104619976200255,0.0342660416689208,0.0048181252774681,-0.7651088344867127,0.7619259377068761,-56.5630000000001,0.0236036055513184,0.1736650490427251,0.0009639558558242,-0.0432222044683576,0.0439691281532517,-7.604030303030479,-0.0161511744888497,-0.0148885581931027,173.23758,263.2375793457031
B0007,94,24.0,1.852085039652352,3.568742147335628,2.1637448793153697,4.202997027311235,0.2361226467707183,2.039252147995865,-1.9785908218423576,-1.9938003511879967,-0.001677256736689,0.1471173426616735,31.51504198920288,23.73407143959736,38.699551697978606,3.363520252997762,3395.219,4.202855529853741,2.1637448793153697,2.039110650538371,1.0236577015124348,1.89105229539079,97.9393877243154,2.0606122756845906,-0.0107360721382323,-0.5677300497929139,614,520,445,True,351.0,-0.0499074258552199,-0.0216433862837732,33,1.9785908218423576,1.978806775438716,-0.0002159535963583,-0.0206466320045004,-0.0006966668861561,0.0459649439076201,-0.0462971416957018,-18.889999999999876,-0.0164724903460644,-0.2670595119623229,0.0007404078727848,-0.0085529636809125,0.0094386018010219,-6.263436363636593,-0.0169795261526638,0.0044262492304499,169.16728,263.1672821044922
B0007,98,24.0,1.8469504648208708,3.5642424070467817,2.045656147205805,4.2027504558714135,0.2435637592164921,2.157094308665608,-1.9784335668087776,-1.994233953094661,-0.0024901255072808,0.1472609174758871,31.13866351339678,23.309807963383705,38.6052414906155,3.4075643650648044,3386.0,4.2027504558714135,2.045656147205805,2.157094308665608,1.0830179457759477,1.89105229539079,97.66786827220947,2.332131727790511,-0.0051345748314812,-0.2715194521059203,614,516,445,True,347.0,-0.0499074258552199,-0.0216433862837732,34,1.9784335668087776,1.9785908218423576,-0.0001572550335799,-0.0107360721382323,-0.0044997402888462,-0.1180887321095647,0.1179836581272368,-9.219000000000053,0.0593602442635128,-0.3763784758061028,-0.0003182288819219,0.0315764732432736,-0.0306345239696649,-2.995800000000291,-0.0090400356825707,0.0021388630952353,165.06631,263.0663146972656
B0007,102,24.0,1.836828431169018,3.5653038098527605,2.1356202266992863,4.202665067816707,0.2380524119042055,2.0670448411174203,-1.9781601679702336,-1.9932621441916,0.0002120880463095,0.1477765014129555,31.068710515588776,23.305948209951065,38.42604747702835,3.3689280446409944,3368.187,4.202497792748939,2.1356202266992863,2.0668775660496523,1.0369057235301802,1.89105229539079,97.13260895248978,2.8673910475102247,-0.0101220336518528,-0.5352593197197137,614,512,445,True,343.0,-0.0499074258552199,-0.0216433862837732,35,1.9781601679702336,1.9784335668087776,-0.0002733988385439,-0.0051345748314812,0.0010614028059787,0.0899640794934812,-0.0902167426159556,-17.813000000000102,-0.0461122222457675,-0.0699529978080022,-0.000237237222125,0.0295853986422853,-0.0286423934341107,-4.4878969696969735,-0.0122383965376461,-0.0113732402434309,166.00491,268.0049133300781
B0007,106,24.0,1.837161961967228,3.565432167703823,2.042987153745025,4.20243913428064,0.2436019823106268,2.159451980535615,-1.978376589969064,-1.9932668899112056,0.0016978688568831,0.1476906460971523,31.618244836823447,23.739006255698545,39.0468968949422,3.439402205358536,3368.266,4.20243913428064,2.042987153745025,2.159451980535615,1.0824511917038069,1.89105229539079,97.150246264743,2.8497537352569964,0.0003335307982097,0.0176373122532282,614,508,445,True,339.0,-0.0499074258552199,-0.0216433862837732,36,1.978376589969064,1.9781601679702336,0.0002164219988303,-0.0101220336518528,0.0001283578510626,-0.0926330729542614,0.0925744144859628,0.0790000000001782,0.0455454681736267,0.5495343212346704,-0.0004193264151505,0.006497507260416,-0.0056670382682517,-5.257090909090906,-0.0049760685767703,0.0055762705656825,158.47641,264.4764099121094
B0007,110,24.0,1.8316722583718847,3.5622303163451425,1.978616239411895,4.202794567899269,0.248370936300835,2.2241783284873744,-1.9780771457931063,-1.9945447573637072,0.0006200071499489,0.1480722071651302,31.3315280636684,23.487622777066665,38.83676495861389,3.413453157377257,3358.719,4.202715171837935,1.978616239411895,2.22409893242604,1.114784286514574,1.89105229539079,96.85994738677314,3.1400526132268567,-0.0054897035953425,-0.2902988779698603,614,504,445,True,335.0,-0.0499074258552199,-0.0216433862837732,37,1.9780771457931063,1.978376589969064,-0.0002994441759576,0.0003335307982097,-0.0032018513586806,-0.0643709143331299,0.0646469518904249,-9.547000000000024,0.0323330948107671,-0.2867167731550459,-0.0004018082511781,-0.0021090283592674,0.0027920939843717,-7.033036363636361,-0.0050913033349546,-0.0032123845526721,164.54391,274.5439147949219
B0007,114,24.0,1.8211470951317783,3.564481026852489,2.15845357648832,4.203135326288817,0.2369382273164456,2.044681749800497,-1.9780971417908424,-1.9937887547057835,0.0003106338402807,0.1484371221177698,31.132569191182142,23.2595984254445,38.49981470604549,3.426266595856784,3339.5,4.203023971708643,2.15845357648832,2.044570395220324,1.0253660181357929,1.89105229539079,96.30337032828774,3.696629671712259,-0.0105251632401068,-0.5565770584854022,614,500,445,True,331.0,-0.0499074258552199,-0.0216433862837732,38,1.9780971417908424,1.9780771457931063,1.9995997736055315e-05,-0.0054897035953425,0.0022507105073463,0.179837337076425,-0.1795285372057162,-19.21900000000005,-0.0894182683787812,-0.1989588724862585,-0.0003725803689148,-0.0099737277597269,0.0104479331234515,-9.321072727272718,-0.0054914803621239,-0.0254566638724397,172.63194,286.63194274902344
B0007,118,24.0,1.816506091511515,3.561614556780574,2.092603698932653,4.202837061508687,0.241210893749047,2.1102333625760337,-1.977978349880126,-1.992201283338572,1.0269396682341148e-05,0.1485468782929041,30.972969676157927,23.021675511770265,38.582340147970775,3.473098581113468,3331.265,4.202697887601401,2.092603698932653,2.110094188668748,1.0592416049785167,1.89105229539079,96.0579512231908,3.9420487768092016,-0.0046410036202633,-0.2454191050969427,614,496,445,True,327.0,-0.0499074258552199,-0.0216433862837732,39,1.977978349880126,1.9780971417908424,-0.0001187919107163,-0.0105251632401068,-0.0028664700719147,-0.0658498775556668,0.065523793448424,-8.235000000000127,0.0338755868427238,-0.1595995150242153,-0.0006800766629152,-0.0341880741353455,0.0343846193481868,-11.193406060606067,0.0023821112639553,-0.0514743723484519,173.31534,291.3153381347656
B0007,122,24.0,1.811381560150456,3.5630587459190144,2.152888643167804,4.202745735932991,0.2377592209805917,2.049857092765188,-1.978433495721842,-1.9945004268443045,0.0006306807076325,0.1486956307108426,31.1990648511682,23.18977956751028,38.787499833494046,3.499964417763432,3321.188,4.202582706720855,2.152888643167804,2.0496940635530514,1.0274297689039598,1.89105229539079,95.78696287593304,4.2130371240669575,-0.0051245313610592,-0.2709883472577559,614,492,445,True,323.0,-0.0499074258552199,-0.0216433862837732,40,1.978433495721842,1.977978349880126,0.0004551458417159,-0.0046410036202633,0.0014441891384402,0.0602849442351507,-0.0604001251156964,-10.07699999999977,-0.0318118360745569,0.226095175010272,-0.0005820654908226,-0.042826933977799,0.0426036464572874,-13.852260606060604,0.0023108764164692,-0.0614091103132946,163.69554,285.69554138183594
B0007,126,24.0,1.8116056333939583,3.5629534367704405,2.0537418826405966,4.203198796599359,0.244270629646186,2.1494569139587627,-1.9782873833989176,-1.993174676650297,0.0005017093700327,0.148884805092314,31.722267598269813,23.74662782512349,39.31221126031847,3.489535773627038,3321.844,4.203035094861703,2.0537418826405966,2.1492932122211066,1.0781373190908847,1.89105229539079,95.79881200586186,4.201187994138138,0.0002240732435025,0.0118491299288194,614,488,445,True,319.0,-0.0499074258552199,-0.0216433862837732,41,1.9782873833989176,1.978433495721842,-0.0001461123229242,-0.0051245313610592,-0.0001053091485738,-0.0991467605272071,0.0995991486680551,0.6559999999999491,0.0507075501869249,0.5232027471016139,-0.0007088585373874,-0.0025058741470856,0.0024956212751769,-10.411424242424236,0.001498793281652,-0.0222663940901242,164.06982,290.06982421875
B0007,130,24.0,1.8060548955557405,3.563446012076242,2.079330058633996,4.202901668731174,0.2429287782575352,2.1235716100971787,-1.978196143267665,-1.994616038219737,0.0014954532137275,0.148965936617679,31.900827580605675,23.98219553879158,39.40567993360536,3.453732440693354,3311.828,4.202608242479543,2.079330058633996,2.1232781838455472,1.063854208149556,1.89105229539079,95.50528559986309,4.494714400136914,-0.0055507378382178,-0.2935264059987759,614,484,445,True,315.0,-0.0499074258552199,-0.0216433862837732,42,1.978196143267665,1.9782873833989176,-9.124013125272334e-05,0.0002240732435025,0.0004925753058016,0.0255881759933993,-0.0260150283755593,-10.016000000000076,-0.0142831109413288,0.1785599823358623,-0.000467366370909,-0.0017460859582237,0.0017538224203863,-9.48380606060606,0.0007344083106236,0.0368138560009131,153.40785,283.40785217285156
B0007,134,24.0,1.8132041826994056,3.563998342345823,2.075979330452076,4.196154302326916,0.2532702940342307,2.1201749718748406,-1.9670969462670496,-1.995287894351176,0.0009071057750656,0.2090627886753873,31.5372402498617,23.71372956170196,39.32802757827611,3.5356532818719244,3327.391,4.19612459601344,2.075979330452076,2.120145265561364,1.0621081466193227,1.89105229539079,95.8833442691601,4.116655730839895,0.0071492871436651,0.3780586692970189,614,480,445,True,311.0,-0.0499074258552199,-0.0216433862837732,43,1.9670969462670496,1.978196143267665,-0.0110991970006153,-0.0055507378382178,0.0005523302695809,-0.0033507281819198,-0.0031329182841832,15.563000000000102,-0.0017460615302331,-0.3635873307439752,-0.0001695515318876,0.0023613239451474,-0.0027043740491516,-7.726860606060599,-0.0015109462371377,0.0568189984121793,150.23317,284.23316955566406
B0007,136,24.0,1.8062641938283528,3.5604902283110547,2.0674349483094465,4.204477224486428,0.2452923043251051,2.137042276176981,-1.9781214643703728,-1.9951041266249487,-0.0007153493376797,0.1489594972779903,31.24662583059252,23.52099861667097,38.6112528181758,3.352701649272975,3312.078,4.204295462895431,2.0674349483094465,2.136860514585984,1.0715274276080446,1.89105229539079,95.51635342031008,4.483646579689918,-0.0069399888710524,-0.3669908488500226,614,478,445,True,309.0,-0.0499074258552199,-0.0216433862837732,44,1.9781214643703728,1.9670969462670496,0.0110245181033232,0.0071492871436651,-0.0035081140347683,-0.0085443821426296,0.01671524902462,-15.313000000000102,0.0094192809887219,-0.2906144192691791,-0.00030557038687,-0.0008060806651921,0.0006325097878267,-6.5976121212121175,0.000248761794394,0.0356114770137038,151.11041,287.11041259765625
B0007,140,24.0,1.7958310249900458,3.5567002097886946,2.037264031192436,4.20211656315423,0.2471815020007749,2.164852531961794,-1.978036445732872,-1.9939079880095487,-0.0012469857773277,0.1494284562122661,30.939399361884792,23.07246859020669,38.56972695128688,3.427249603700407,3293.172,4.201835131331625,2.037264031192436,2.1645711001391885,1.0864128567461702,1.89105229539079,94.96464108196083,5.035358918039151,-0.0104331688383074,-0.5517123383492333,614,474,445,True,305.0,-0.0499074258552199,-0.0216433862837732,45,1.978036445732872,1.9781214643703728,-8.501863750121075e-05,-0.0069399888710524,-0.00379001852236,-0.0301709171170103,0.0277105855532044,-18.90599999999995,0.0148854291381255,-0.3072264687077286,-0.0005320763834525,0.00011444816791,-0.0002883112881489,-6.791109090909093,-0.0001144668172529,-0.0083260191038569,170.84174,310.84173583984375
B0007,144,24.0,1.7858852600390451,3.5584127263446006,2.1632674190148338,4.202901194454151,0.2397240468529603,2.039633775439317,-1.977935781469453,-1.9931708315999248,0.0005268652442651,0.1499746649560789,30.88485700435457,22.983640218520343,38.34572083526661,3.4451204067835475,3275.328,4.202901194454151,2.1632674190148338,2.039633775439317,1.023040643858815,1.89105229539079,94.43870295876656,5.561297041233431,-0.0099457649510006,-0.5259381231942797,614,470,445,True,301.0,-0.0499074258552199,-0.0216433862837732,46,1.977935781469453,1.978036445732872,-0.0001006642634187,-0.0104331688383074,0.0017125165559059,0.1260033878223976,-0.1249373246998715,-17.84400000000005,-0.063372212887355,-0.0545423575302237,-0.000552329134623,0.0029245471762754,-0.0030364319467448,-7.043375757575759,-0.0014980835047078,-0.0170355235655551,172.24895,316.2489471435547
B0007,148,24.0,1.780326860450275,3.556136820956992,2.106631526845483,4.201790697233378,0.2435323971413377,2.0951591703878947,-1.9780170042003,-1.9937766833094568,-0.0024226440673283,0.1499226700475632,30.920682316695828,22.96992297871689,38.48254063494672,3.482820431217398,3265.016,4.201756108371374,2.106631526845483,2.0951245815258908,1.052127913520226,1.89105229539079,94.14477139472056,5.855228605279436,-0.00555839958877,-0.2939315640460052,614,466,445,True,297.0,-0.0499074258552199,-0.0216433862837732,47,1.9780170042003,1.977935781469453,8.122273084709697e-05,-0.0099457649510006,-0.0022759053876084,-0.0566358921693508,0.0554908060865737,-10.311999999999898,0.0290872696614108,0.0358253123412595,-0.0008250947992209,-0.0031039211955301,0.0030043573083952,-7.368060606060601,0.0015805456597229,-0.0340158221405649,172.70761,320.7076110839844
B0007,150,24.0,1.8150756899575573,3.568999942180493,2.1809272860788376,4.191916354433964,0.2377985887575091,2.0109890683551264,-1.9779140108313504,-1.993416647067197,-0.0001758019097429,0.1486015946765911,33.8805778170798,26.46604285791351,41.0499421893331,3.252960553213002,3328.937,4.191916354433964,2.1809272860788376,2.0109890683551264,1.0089042040457836,1.89105229539079,95.98231071565728,4.017689284342708,0.0347488295072824,1.8375393209367277,614,464,445,True,295.0,-0.0499074258552199,-0.0216433862837732,48,1.9779140108313504,1.9780170042003,-0.0001029933689495,-0.00555839958877,0.0128631212235008,0.0742957592333546,-0.0841355131707644,63.92099999999982,-0.0432237094744423,2.9598955003839755,-0.0001723277524939,0.0053575617422017,-0.0059493069273704,-4.351618181818184,-0.0029002287603788,0.1021687483756499,123.97072,273.97071838378906
B0007,154,24.0,1.815702515484584,3.571059290544873,2.1773498094527195,4.20342192245769,0.2378590679850671,2.026072113004971,-1.978162017642311,-1.994657617315832,-0.0012601283929447,0.1485828333547708,33.038339318294426,25.38232315092876,40.361944885615415,3.3468582106910603,3329.266,4.203330153285592,2.1773498094527195,2.025980343832872,1.0163914243213674,1.89105229539079,96.0154576322473,3.984542367752695,0.0006268255270265,0.0331469165900131,614,460,445,True,291.0,-0.0499074258552199,-0.0216433862837732,49,1.978162017642311,1.9779140108313504,0.0002480068109604,0.0347488295072824,0.00205934836438,-0.003577476626118,0.0149912754777457,0.3290000000001782,0.0074872202755837,-0.8422384987853775,0.0003468946507928,0.0089615091530946,-0.0093099659451799,-1.7381939393939456,-0.0045146997506005,0.148463874006228,130.31593,284.31593322753906
B0007,158,24.0,1.800243217805667,3.566692128462209,2.180136101967249,4.202807443974011,0.23760527129618,2.0226713420067624,-1.9779553399945096,-1.9927642557550824,-0.0007693308142824,0.1492321114384013,32.27329169539202,24.50191010057804,39.6676965288026,3.3756627697109653,3301.579,4.20248271441994,2.180136101967249,2.022346612452691,1.015399846998543,1.89105229539079,95.19796053200332,4.802039467996679,-0.0154592976789169,-0.8174971002439833,614,456,445,True,287.0,-0.0499074258552199,-0.0216433862837732,50,1.9779553399945096,1.978162017642311,-0.0002066776478013,0.0006268255270265,-0.0043671620826639,0.0027862925145294,-0.003633731380181,-27.686999999999895,-0.0009915773228243,-0.7650476229024079,0.0006097058677175,0.0157092068559712,-0.0158759417449442,-1.2825393939393863,-0.0077846497190721,0.1430673574229777,148.14783,306.1478271484375
B0007,162,24.0,1.7904476205609308,3.563327431073248,2.128629519907685,4.203276539809248,0.2410548801073988,2.0746470199015623,-1.9779914337720728,-1.9950332824030967,-0.0006536943792753,0.1496135945463944,31.937919783481355,24.043121291612863,39.481181404811096,3.443436671543625,3283.563,4.203276539809248,2.128629519907685,2.0746470199015623,1.0402468177872173,1.89105229539079,94.67996336880418,5.320036631195819,-0.0097955972447363,-0.5179971631991407,614,452,445,True,283.0,-0.0499074258552199,-0.0216433862837732,51,1.9779914337720728,1.9779553399945096,3.6093777563639406e-05,-0.0154592976789169,-0.0033646973889611,-0.0515065820595639,0.0523004074488713,-18.01600000000008,0.0248469707886742,-0.3353719119106628,0.000637926525725,0.0127073983653068,-0.0126177405471984,-1.5281575757575632,-0.0061729897907856,0.1412370791577525,155.62892,317.62892150878906
B0007,166,24.0,1.780343032300132,3.559014621482901,2.155901281560187,4.202580870413733,0.2427711596580828,2.0466795888535465,-1.972188984422817,-1.994232501388858,0.0007008105306003,0.1832155418321409,31.688686599521045,23.72477221974692,39.4190511430692,3.496381532348714,3275.125,4.202580870413733,2.8191493135378414,1.383431556875892,1.025938850499368,1.89105229539079,94.14562657201505,5.854373427984967,-0.0101045882607988,-0.5343367967891481,614,448,445,True,279.0,-0.0499074258552199,-0.0216433862837732,52,1.972188984422817,1.9779914337720728,-0.0058024493492556,-0.0097955972447363,-0.0043128095903468,0.6905197936301564,-0.6912154630256704,-8.438000000000102,-0.0143079672878492,-0.2492331839603103,0.0004592081137026,0.048168455353822,-0.0478917338629259,-2.437751515151509,-0.0058346930342442,0.1351022965266401,153.93733,319.9373321533203
B0007,170,24.0,1.775328769596812,3.556694583634292,2.067103728219671,4.203244171517053,0.2487959944615331,2.1361404432973816,-1.9723254573804136,-1.9927179646840103,0.0001504085743458,0.1834197596471907,31.779120691032947,23.738337987235628,39.72196117128354,3.555534379207058,3265.656,4.203244171517053,2.7914986722149657,1.411745499302087,1.071892389864552,1.89105229539079,93.88046929870528,6.119530701294721,-0.0050142627033198,-0.2651572733097538,614,444,445,True,275.0,-0.0499074258552199,-0.0216433862837732,53,1.9723254573804136,1.972188984422817,0.0001364729575961,-0.0101045882607988,-0.0023200378486092,-0.0276506413228756,0.0283139424261951,-9.469000000000053,0.0459535393651839,0.0904340915119021,0.0002444780260111,0.0729304075440663,-0.0728623536353259,-2.381418181818177,-0.0026466635943424,0.1122325329718468,156.45085,326.4508514404297
B0007,174,24.0,1.770262973473285,3.555013984911923,2.061983186454309,4.202697222668131,0.2513247440204203,2.1407140362138213,-1.966838273678528,-1.99371542403896,-0.0009153700172719,0.2115267205729815,32.133873372089305,24.06931067212055,40.041366724781085,3.5837263034233016,3266.093,4.202697222668131,2.912699551286945,1.2899976713811858,1.0742241961975196,1.89105229539079,93.6125869066702,6.387413093329798,-0.0050657961235269,-0.2678823920350766,614,440,445,True,271.0,-0.0499074258552199,-0.0216433862837732,54,1.966838273678528,1.9723254573804136,-0.0054871837018857,-0.0050142627033198,-0.0016805987223689,0.1212008790719791,-0.1217478279209012,0.4369999999998981,0.0023318063329675,0.3547526810563575,-0.0002072649432603,0.095060729580087,-0.0947727502531727,-2.57381212121213,0.0011779104599969,0.0864067369031369,144.8374,318.83740234375
B0007,178,24.0,1.760081061854204,3.552637375406741,2.143037413381466,4.202581421564202,0.2484397729897574,2.059544008182736,-1.960929600351624,-1.99255052774098,0.0001465971906707,0.2366096302019096,31.889431533099835,23.85737755230868,39.66314441864834,3.551631064170752,3257.594,4.202581421564202,2.99598771253577,1.2065937090284318,1.0335459325026015,1.89105229539079,93.07416120348375,6.925838796516231,-0.0101819116190811,-0.5384257031864337,614,436,445,True,267.0,-0.0499074258552199,-0.0216433862837732,55,1.960929600351624,1.966838273678528,-0.005908673326904,-0.0050657961235269,-0.0023766095051818,0.0832881612488249,-0.083403962352754,-8.498999999999796,-0.0406782636949181,-0.24444183898947,-0.0009749303518915,0.1094770162039703,-0.1091200773781707,-3.932793939393945,0.0037433439694039,0.0160114693817978,139.11076,317.1107635498047
B0007,182,24.0,1.749647593537689,3.547186025484395,1.992905798820928,4.201275185814673,0.2591347484640653,2.208369386993745,-1.9607588424014128,-1.994265959280498,-0.0009119903753978,0.2369026854682799,31.81736328028127,23.739137412822192,39.84751541049116,3.610373519382387,3248.593,4.201127463298259,2.97267687251875,1.228450590779509,1.1078661499376086,1.89105229539079,92.52243302854406,7.477566971455943,-0.010433468316515,-0.5517281749397114,614,432,445,True,263.0,-0.0499074258552199,-0.0216433862837732,56,1.9607588424014128,1.960929600351624,-0.000170757950211,-0.0101819116190811,-0.005451349922346,-0.0233108400170198,0.0218568817510771,-9.001000000000204,0.074320217435007,-0.0720682528185641,-0.0018765278721726,0.1194011352109234,-0.1189925187681225,-6.541090909090927,0.0067786045311824,-0.0734664923857814,151.68813,333.68812561035156
B0007,186,24.0,1.749650075059311,3.546814755244375,2.0335961968180234,4.202508747096239,0.2566708502475146,2.168912550278216,-1.9607439129501685,-1.9932021181710204,0.0010974883571477,0.2372544912429528,31.72316205746117,23.58399487368775,39.74335777163101,3.6410744013520295,3238.766,4.202508747096239,2.981408978015783,1.221099769080456,1.0875560237681776,1.89105229539079,92.52256425292258,7.477435747077422,2.481521621966465e-06,0.0001312243785207,614,428,445,True,259.0,-0.0499074258552199,-0.0216433862837732,57,1.9607439129501685,1.9607588424014128,-1.492945124437206e-05,-0.010433468316515,-0.00037127024002,0.008732105497033,-0.0073508216990529,-9.82699999999977,-0.0203101261694309,-0.0942012228201001,-0.0028140222997474,0.1162148010578923,-0.1157340035460715,-10.04881212121213,0.0096170033874643,-0.1769974548896057,150.23616,336.2361602783203
B0007,190,24.0,1.745028739214683,3.544785017297265,2.0213017345171265,4.202333230196108,0.2590391092431144,2.1810314956789814,-1.9550964299704847,-1.9932663431900044,0.001774869767192,0.2595637502376604,31.957150654392294,23.70822834446801,40.07246786936068,3.721644074023953,3240.14,4.202197348597037,3.0307473063064005,1.1714500422906369,1.0932262860104511,1.89105229539079,92.2781851918098,7.721814808190203,-0.0046213358446278,-0.2443790611127809,614,424,445,True,255.0,-0.0499074258552199,-0.0216433862837732,58,1.9550964299704847,1.9607439129501685,-0.0056474829796837,2.481521621966465e-06,-0.0020297379471099,0.0493383282906174,-0.049649726789819,1.3739999999997965,0.0056702622422735,0.2339885969311232,-0.0028916935554449,0.1100693360190542,-0.1101984493003594,-8.902006060606084,0.0094536770041443,-0.0801660634838959,143.69423,333.69422912597656
B0007,194,24.0,1.739645745528673,3.546521542096416,2.0789964919635966,4.202490707154508,0.2559966343933013,2.123494215190912,-1.955058998571939,-1.9938941800121164,0.0005136007463939,0.2597754002497576,32.29917704213345,24.21598770999788,40.24771611400392,3.631661556788779,3230.109,4.202490707154508,3.0390623366854363,1.163428370469072,1.0647241931553777,1.89105229539079,91.9935291989993,8.006470801000702,-0.0053829936860101,-0.2846559928104994,614,420,445,True,251.0,-0.0499074258552199,-0.0216433862837732,59,1.955058998571939,1.9550964299704847,-3.743139854561761e-05,-0.0046213358446278,0.0017365247991509,0.0083150303790358,-0.0080216718215648,-10.030999999999947,-0.0285020928550734,0.3420263877411571,-0.0024438411446758,0.0938380709200277,-0.0939247918062225,-7.204084848484871,0.0072127531869239,0.0024863480939732,131.4103,325.41029357910156
B0007,198,24.0,1.7285642277717963,3.540832547654255,1.9925354808829656,4.202290557382721,0.2637981986834192,2.209755076499756,-1.9491545130405272,-1.9929599237339224,-0.0018160550004962,0.2799244598386189,32.128842946565555,24.018596493562136,40.27220819224188,3.646211067036828,3229.7810000000027,4.20211186646044,3.073271766798443,1.1288400996619967,1.1097917690424794,1.89105229539079,91.40753177397374,8.592468226026256,-0.0110815177568766,-0.5859974250255533,614,416,445,True,247.0,-0.0499074258552199,-0.0216433862837732,60,1.9491545130405272,1.955058998571939,-0.0059044855314118,-0.0053829936860101,-0.0056889944421611,0.0342094301130067,-0.0345882708070752,-0.327999999997246,0.0450675758871017,-0.1703340955678953,-0.0023000144065845,0.0692135272404645,-0.0693248405891648,-6.167951515151377,0.0067781038834297,0.0338041768856873,127.83846,325.83846282958984
B0007,202,24.0,1.723900324588418,3.542992511358393,2.14041602578448,4.20313824854604,0.2543359523100831,2.06272222276156,-1.9485230174751031,-2.002837999763986,0.0002657157345997,0.2810230250199101,32.021134355757404,23.868157730931408,39.89848456781458,3.671202377906511,3212.469,4.202924241129693,3.098778836006644,1.1041454051230497,1.0297630655875123,1.89105229539079,91.16090172599748,8.83909827400251,-0.0046639031833783,-0.2466300479762537,614,412,445,True,243.0,-0.0499074258552199,-0.0216433862837732,61,1.9485230174751031,1.9491545130405272,-0.000631495565424,-0.0110815177568766,0.002159963704138,0.0255070692082011,-0.024694694538947,-17.312000000002627,-0.0800287034549671,-0.1077085908081514,-0.0019492351613746,0.0317206192612421,-0.0317547969074498,-6.4068969696968505,0.0024905727829224,0.0386397580977787,131.98865,333.9886474609375
B0007,206,24.0,1.7139788776485192,3.5360811169860216,2.006753861515003,4.202703239422359,0.2648942463001822,2.195949377907356,-1.9431227050969848,-1.994963835157279,0.0003221994780719,0.2998951401853699,31.85904886148665,23.679272417109907,40.0571305311587,3.723390766043564,3213.219,4.202395835117333,3.1213682588066063,1.0810275763107264,1.1005687103446686,1.89105229539079,90.63624955407812,9.363750445921866,-0.0099214469398987,-0.5246521719193566,614,408,445,True,239.0,-0.0499074258552199,-0.0216433862837732,62,1.9431227050969848,1.9485230174751031,-0.0054003123781183,-0.0046639031833783,-0.0069113943723713,0.0225894227999621,-0.0231178288123232,0.75,0.0708056447571563,-0.1620854942707552,-0.0020164778277734,0.0297351288755557,-0.0297631006380757,-6.305721212121118,0.0012383790584604,0.0170101052701592,122.49325,328.49324798583984
B0007,210,24.0,1.7139701997004613,3.5392436935272635,2.121868132176415,4.202907102508285,0.256967427749331,2.0810389703318704,-1.9430080085541768,-2.0016459444206927,0.0004335128310188,0.3003153138279422,32.16100333536097,23.840345275714288,40.240711749549135,3.792421226705538,3203.578,4.202569562007692,3.134628907491469,1.0679406545162229,1.0394387509417573,1.89105229539079,90.63579065888634,9.364209341113664,-8.677948057922436e-06,-0.000458895191798,614,404,445,True,235.0,-0.0499074258552199,-0.0216433862837732,63,1.9430080085541768,1.9431227050969848,-0.000114696542808,-0.0099214469398987,0.0031625765412419,0.0132606486848625,-0.0130869217945035,-9.641000000000076,-0.0611299594029113,0.3019544738743178,-0.0017879036364132,0.0229663105691094,-0.0229321375101081,-6.61130909090903,-0.0011892111587275,0.0158146387914402,122.97812,332.9781188964844
B0007,214,24.0,1.7036521173638766,3.534823706293257,2.011964875882845,4.201457080806326,0.2662038409344857,2.1894922049234804,-1.9425165961920088,-1.99404442992524,0.0008557352401421,0.3009740923792116,32.10276048728767,24.23912269518512,40.12941739090177,3.603832657322533,3195.125,4.201287153879833,3.121005705744245,1.080281448135588,1.0975447509384344,1.89105229539079,90.09016416501656,9.90983583498344,-0.0103180823365847,-0.5456264938697757,614,400,445,True,231.0,-0.0499074258552199,-0.0216433862837732,64,1.9425165961920088,1.9430080085541768,-0.0004914123621679,-8.677948057922436e-06,-0.0044199872340064,-0.0136232017472237,0.0123407936193651,-8.452999999999975,0.058105999996677,-0.0582428480732986,-0.0017009336319504,0.019375312768807,-0.0193772305941641,-6.596375757575736,0.000101448002741,0.0304635878903224,118.79516,332.79515838623047
B0007,216,24.0,1.7040137474382486,3.5366477402090606,2.0744390946376323,4.204304103661928,0.2616558182168718,2.129865009024296,-1.9370190075205085,-1.99394242124594,0.0009344669590898,0.3186080584168873,32.33880662180898,24.100749099673767,40.3959693732437,3.7734678513608726,3195.312999999994,4.203984334358096,3.1645013695815067,1.0394829647765893,1.067667394222371,1.89105229539079,90.10928738414982,9.890712615850177,0.000361630074372,0.019123219133263,614,398,445,True,229.0,-0.0499074258552199,-0.0216433862837732,65,1.9370190075205085,1.9425165961920088,-0.0054975886715002,-0.0103180823365847,0.0018240339158035,0.0434956638372616,-0.0407984833589987,0.1879999999941901,-0.0298773567160635,0.2360461345213096,-0.0014281808521993,0.0211844267221884,-0.0210659448274327,-6.277569696970019,-0.0032321244756115,0.0420687839674524,107.97186,323.97186279296875
B0007,220,24.0,1.6935716157343033,3.535206284098092,2.188793384556236,4.20220228055958,0.2554479106914472,2.013408896003344,-1.931019209657836,-1.994068391906693,0.0022188981259913,0.3358311193593271,32.21373014824893,23.89454515016851,40.18751058333668,3.806474467128874,3186.297,4.20220228055958,3.210026375746328,0.992175904813252,1.0085767244304695,1.89105229539079,89.55710108399319,10.442898916006811,-0.0104421317039453,-0.5521863001566345,614,394,445,True,225.0,-0.0499074258552199,-0.0216433862837732,66,1.931019209657836,1.9370190075205085,-0.0059997978626724,0.000361630074372,-0.0014414561109687,0.0455250061648211,-0.0473070599633372,-9.015999999994165,-0.0590906697919013,-0.1250764735600498,-0.0014036625194128,0.0218800770465074,-0.0218523339207286,-6.2956909090912,-0.0052477367102161,0.0366001059811707,118.46661,338.46661376953125
B0007,224,24.0,1.6876577363877656,3.53298522375534,2.1739523632140685,4.202001482736379,0.2570678864082441,2.0280491195223105,-1.930473835480344,-1.9931157642861432,-0.0005031657572301,0.3361045071772884,32.09949526722965,23.747372758256024,40.14605167557969,3.83680147094081,3176.438,4.201755934400281,3.2105896114065064,0.9911663229937746,1.0177839490825056,1.89105229539079,89.24437153331117,10.755628466688831,-0.0059138793465376,-0.3127295506820218,614,390,445,True,221.0,-0.0499074258552199,-0.0216433862837732,67,1.930473835480344,1.931019209657836,-0.0005453741774921,-0.0104421317039453,-0.0022210603427517,0.0005632356601785,-0.0010095818194774,-9.858999999999924,0.009207224652036,-0.1142348810192785,-0.0013798352954286,0.0203116260069101,-0.0203199103057359,-6.751606060606302,-0.0069116369144033,0.01381590607895,116.13749,340.13748931884766
B0007,228,24.0,1.6830744356583152,3.532158560934324,2.1783847786257136,4.202600613133091,0.2574332184607594,2.0242158345073777,-1.930551031475332,-1.993287600757209,0.002667224750398,0.3367955832619307,32.11305439113157,23.732576134274755,40.18846095484838,3.853453179673045,3167.593,4.202600613133091,3.211652712511208,0.9909479006218832,1.0141591426011274,1.89105229539079,89.00200379231205,10.997996207687947,-0.0045833007294504,-0.2423677409991143,614,386,445,True,217.0,-0.0499074258552199,-0.0216433862837732,68,1.930551031475332,1.930473835480344,7.71959949881218e-05,-0.0059138793465376,-0.0008266628210162,0.0010631011047017,-0.0002184223718914,-8.845000000000255,-0.0036248064813781,0.0135591239019206,-0.0013687839491977,0.019312437114935,-0.0193223103505108,-6.8428848484850695,-0.0075495142355363,0.0028089198847456,123.35249,351.3524932861328
B0007,232,24.0,1.6779270142025482,3.5308376380023527,2.191481814157953,4.202328519159183,0.2573513281864761,2.0108467050012298,-1.924719540998312,-1.9932567265208057,0.000550345930346,0.3526649608118804,32.20371989479744,23.784085634385107,40.2789498830108,3.8766566501795,3167.719,4.202295008453833,3.236789078959493,0.9655059294943392,1.0085462795199789,1.89105229539079,88.72980500287017,11.270194997129837,-0.0051474214557669,-0.2721987894418873,614,382,445,True,213.0,-0.0499074258552199,-0.0216433862837732,69,1.924719540998312,1.930551031475332,-0.00583149047702,-0.0045833007294504,-0.001320922931971,0.0251363664482848,-0.0254419711275439,0.1260000000002037,-0.0056128630811485,0.0906655036658676,-0.0011609666688528,0.0180458653126226,-0.0180593276489075,-6.716666666666852,-0.0094352976313208,0.017659341718826,110.04081,342.04080963134766
B0007,236,24.0,1.6732060275966172,3.5296958440720005,2.1753473356526807,4.202855889678493,0.2590331783571659,2.0275085540258124,-1.9245739020356047,-1.993361006627344,0.0026001975071493,0.353068484581917,32.23340825772458,23.83125634938924,40.310727434969614,3.8809728822466494,3159.077999999994,4.202842977920607,3.236252355469797,0.96659062245081,1.0158055927269385,1.89105229539079,88.4801563486559,11.519843651344104,-0.004720986605931,-0.249648654214269,614,378,445,True,209.0,-0.0499074258552199,-0.0216433862837732,70,1.9245739020356047,1.924719540998312,-0.0001456389627072,-0.0051474214557669,-0.0011417939303521,-0.000536723489696,0.0010846929564707,-8.641000000005988,0.0072593132069596,0.0296883629271391,-0.0012045874251674,0.0166339585726599,-0.0166440047068202,-6.327400000000293,-0.0072396690217019,0.0239305787636302,112.15691,348.1569137573242
B0007,240,24.0,1.6674367208253988,3.5281819372126093,2.1832922624558813,4.202212609390717,0.2590267647030847,2.018920346934836,-1.9243785304854075,-1.9942955362628867,5.813877826634093e-05,0.353697587121458,32.212169716369466,23.78037304316956,40.31733812871393,3.897110967912235,3148.829,4.202031500801591,3.2381402568717146,0.9638912439298766,1.012318111978396,1.89105229539079,88.17507188402843,11.824928115971574,-0.0057693067712183,-0.3050844646274697,614,374,445,True,205.0,-0.0499074258552199,-0.0216433862837732,71,1.9243785304854075,1.9245739020356047,-0.0001953715501972,-0.004720986605931,-0.0015139068593912,0.0018879014019175,-0.0026993785209333,-10.248999999993885,-0.0034874807485425,-0.0212385413551103,-0.0010517969925396,0.015049977266423,-0.015055573232578,-6.7942969696971085,-0.0094302871521464,0.0205953188787149,114.886925,354.88692474365234
B0007,244,24.0,1.6622662630667526,3.5265730179666974,2.192864020990023,4.202335745153063,0.25895117983184,2.00947172416304,-1.9184028799161776,-1.995101711321148,-0.0006209850775538,0.3688510351600927,32.21746401954225,23.770282871894263,40.332563430145015,3.918876824662239,3149.094,4.202335745153063,3.2607912474890384,0.941544497664025,1.007516241055726,1.89105229539079,87.90165492082501,12.09834507917499,-0.0051704577586462,-0.2734169632034167,614,370,445,True,201.0,-0.0499074258552199,-0.0216433862837732,72,1.9184028799161776,1.9243785304854075,-0.0059756505692298,-0.0057693067712183,-0.0016089192459118,0.0226509906173237,-0.0223467462658515,0.2649999999998726,-0.00480187092267,0.0052943031727821,-0.0012680033054737,0.0145182367154912,-0.0145271933398017,-6.425345454545448,-0.0069509952144519,0.0044275594201792,100.63974,344.6397399902344
B0007,248,24.0,1.6574243065763063,3.5245022548553444,2.156097212664392,4.201997273379946,0.2617924505301996,2.045900060715553,-1.9181664471622712,-1.9939693898192543,-0.0008196546730972,0.3693014357812534,32.23410177209762,23.76194654931583,40.431258866851486,3.9425202907421366,3140.547,4.201773071145273,3.257637774311608,0.9441352968336654,1.0264658116945378,1.89105229539079,87.645609305257,12.354390694743005,-0.0048419564904462,-0.2560456155680128,614,366,445,True,197.0,-0.0499074258552199,-0.0216433862837732,73,1.9181664471622712,1.9184028799161776,-0.0002364327539063,-0.0051704577586462,-0.002070763111353,-0.0031534731774303,0.0025907991696403,-8.547000000000025,0.0189495706388118,0.0166377525553684,-0.001271072212407,0.0130085561619641,-0.0130392545980519,-6.388054545454399,-0.0063855122410291,0.0049531858374289,99.08976,347.08975982666016
B0007,252,24.0,1.652538684928734,3.5228548406546385,2.138540138129487,4.201599523927098,0.2633490260817586,2.063059385797611,-1.9180994998619485,-1.9959097500887344,-0.0005785652845972,0.3697212191012891,32.228343983674435,23.75126365079373,40.46247985933005,3.951613635856311,3131.625,4.201486505584843,3.2561979569093245,0.9452885486755188,1.0339433380830574,1.89105229539079,87.38725464951953,12.612745350480466,-0.0048856216475723,-0.2583546557374632,614,362,445,True,193.0,-0.0499074258552199,-0.0216433862837732,74,1.9180994998619485,1.9181664471622712,-6.694730032275054e-05,-0.0048419564904462,-0.0016474142007059,-0.0014398174022836,0.0011532518418534,-8.922000000000025,0.0074775263885196,-0.0057577884231818,-0.0014799817862287,0.0090211100964351,-0.0091650206335456,-6.636939393939109,-0.0013811831103059,0.0003958528723258,97.29624,349.2962417602539
B0007,256,24.0,1.6472174627573322,3.522282912123785,2.1646493163558524,4.20196227209543,0.2622165090473685,2.0373129557395773,-1.9179522150902,-1.995053192036484,0.0007067950076479,0.3704409853164542,32.1833106060944,23.692389087728422,40.40103455658551,3.954583146041962,3121.907,4.2019492746220735,3.2612376667863723,0.9407116078357012,1.020820624205914,1.89105229539079,87.10586517211738,12.894134827882624,-0.0053212221714018,-0.2813894774021577,614,358,445,True,189.0,-0.0499074258552199,-0.0216433862837732,75,1.9179522150902,1.9180994998619485,-0.0001472847717485,-0.0048856216475723,-0.0005719285308534,0.0050397098770478,-0.0045769408398176,-9.717999999999847,-0.0131227138771434,-0.0450333775800331,-0.0014534080414237,0.006569574265895,-0.0066240593089618,-6.633666666666621,0.0016864640624764,0.0075963386268625,97.754684,353.7546844482422
B0007,260,24.0,1.6364136810898071,3.5189923820688493,2.1187211383693167,4.202045571197949,0.2657987880982344,2.0833244328286327,-1.9116539768893368,-1.993252278498655,0.0025842973651256,0.385013243725902,32.17200142078129,23.642375027314003,40.4426971996319,3.989270609895539,3122.125,4.202045571197949,3.2767912255627567,0.9252543456351928,1.0438351807071118,1.89105229539079,86.53455460107405,13.46544539892595,-0.010803781667525,-0.5713105710433268,614,354,445,True,185.0,-0.0499074258552199,-0.0216433862837732,76,1.9116539768893368,1.9179522150902,-0.0062982382008627,-0.0053212221714018,-0.0032905300549357,0.0155535587763844,-0.0154572622005083,0.2179999999998472,0.0230145565011978,-0.0113091853131095,-0.001528295699919,0.0068288536013594,-0.0068827968057084,-6.329799999999887,0.002637912331215,0.0077263283477666,92.66956,352.66956329345703
B0007,264,24.0,1.6362554312048496,3.51778442795708,2.1377868706438155,4.204697039833386,0.2660021511721999,2.0669101691895704,-1.911586551073689,-1.993442401381344,0.0016296703790506,0.3850783041628466,32.03316223587618,23.617774403005388,40.26214977673693,3.928321114584468,3121.672,4.204697039833386,3.280204681321995,0.9244923585113908,1.036007770569305,1.89105229539079,86.52618625053486,13.473813749465137,-0.0001582498849574,-0.008368350539186,614,350,445,True,181.0,-0.0499074258552199,-0.0216433862837732,77,1.911586551073689,1.9116539768893368,-6.74258156483365e-05,-0.010803781667525,-0.0012079541117695,0.0034134557592384,-0.000761987123802,-0.4529999999999745,-0.0078274101378068,-0.1388391849051089,-0.0016206103082185,0.0065025995699285,-0.0064392322768329,-5.930066666666478,0.00334885070528,-0.0068265843581338,91.51382,355.5138168334961
B0007,266,24.0,1.641119179218384,3.521222605727349,2.103155697792567,4.203964293328523,0.267463244027458,2.1008085955359563,-1.917648718820213,-1.993721164618022,-0.0003124695442695,0.3703282072913335,32.506671891788216,24.167910537487234,40.64566836195685,3.863021171137795,3120.86,4.203789569367976,3.246330916016724,0.957458653351252,1.053877511785525,1.89105229539079,86.78338421514901,13.216615784850989,0.0048637480135342,0.25719796461415,614,348,445,True,179.0,-0.0499074258552199,-0.0216433862837732,78,1.917648718820213,1.911586551073689,0.006062167746524,-0.0001582498849574,0.0034381777702692,-0.0338737653052709,0.0329662948398612,-0.8119999999998981,0.01786974121622,0.4735096559120322,-0.0013962467316831,0.0035557399904569,-0.0034038984362439,-5.5004606060603525,0.0045719536652675,0.0061562806864888,95.457466,361.4574661254883
B0007,270,24.0,1.6315700789656966,3.5172227884430147,2.186737546753024,4.201985395805308,0.2625180523459421,2.015247849052284,-1.91113377024742,-1.995080127131668,0.0010705188392996,0.3859863634088458,31.96103948562093,23.55302449077993,39.95209030011925,3.9075613618643454,3103.828,4.201897793299824,3.2847935310270984,0.9171042622727256,1.009567014954439,1.89105229539079,86.27842196339309,13.721578036606914,-0.0095491002526872,-0.5049622517559271,614,344,445,True,175.0,-0.0499074258552199,-0.0216433862837732,79,1.91113377024742,1.917648718820213,-0.0065149485727933,0.0048637480135342,-0.0039998172843342,0.0384626150103741,-0.0403543910785264,-17.032000000000153,-0.0443104968310861,-0.5456324061672859,-0.0013455595030067,0.0039622571322791,-0.0038599143384941,-5.425012121211801,0.0025224947843992,-0.0093493761870358,91.181496,361.1814956665039
B0007,274,24.0,1.621213282987236,3.5125010864221813,2.100774791159369,4.20178017149305,0.2684194030833104,2.101005380333681,-1.9108556098369367,-1.9937540476262583,0.0012645403116355,0.3864575673331354,31.798082670491866,23.15836420422582,40.16503458324407,4.039383392805075,3095.094,4.20178017149305,3.278208354451213,0.9235718170418372,1.0531257167409842,1.89105229539079,85.73074826850355,14.269251731496452,-0.0103567959784605,-0.5476736948895393,614,340,445,True,171.0,-0.0499074258552199,-0.0216433862837732,80,1.9108556098369367,1.91113377024742,-0.0002781604104828,-0.0095491002526872,-0.0047217020208334,-0.0065851765758853,0.0064675547691116,-8.733999999999924,0.0435587017865453,-0.1629568151290641,-0.0014635107731346,0.0033919291122538,-0.0033041547868873,-5.627593939393947,0.0033205467549646,-0.0288227817006212,93.05677,367.05677032470703
B0007,278,24.0,1.6164273214762122,3.512961463507468,2.1417010068719846,4.202220537976551,0.2654991445134645,2.0605195311045663,-1.9049762303506044,-1.9934634318284483,0.0007746435520126,0.4005172724970495,31.95802833708937,23.26175935743409,40.36674175781141,4.100074784183007,3095.781,4.202220537976551,3.2985123960309424,0.9037081419456086,1.0332364809108665,1.89105229539079,85.47766370163623,14.522336298363768,-0.0047859615110239,-0.2530845668673152,614,336,445,True,167.0,-0.0499074258552199,-0.0216433862837732,81,1.9049762303506044,1.9108556098369367,-0.0058793794863323,-0.0103567959784605,0.0004603770852864,0.0203040415797293,-0.0198636750962286,0.6869999999998981,-0.0198892358301177,0.1599456665975047,-0.0014488563849963,0.0035463967993547,-0.0034903869248464,-5.700406060606066,0.0023488674604807,-0.0357111070994385,85.75413,363.7541275024414
B0007,282,24.0,1.615823510161921,3.512520410039196,2.0912297625621297,4.2013887453306085,0.2692443243789981,2.110158982768479,-1.905106852054852,-1.9955237523449136,0.0004752084007865,0.4005777576368912,32.41813169746276,23.705879583857502,40.88269125311642,4.104813634275824,3094.328,4.2013887453306085,3.289212625215621,0.9121761201149868,1.0571944295903484,1.89105229539079,85.44573379066746,14.55426620933254,-0.0006038113142912,-0.0319299109687705,614,332,445,True,163.0,-0.0499074258552199,-0.0216433862837732,82,1.905106852054852,1.9049762303506044,0.0001306217042476,-0.0047859615110239,-0.0004410534682719,-0.0092997708153212,0.0084679781693782,-1.4529999999999743,0.0239579486794818,0.4601033603733917,-0.0013810301514593,0.00397188679636,-0.003975020283602,-5.191800000000008,0.0021103046514576,-0.0140694304569144,87.714005,369.71400451660156
B0007,286,24.0,1.61672418029789,3.5151454557578807,2.166300950520593,4.201620573144587,0.264592914024469,2.0353196226239936,-1.9049079394753687,-1.9937747556066168,0.0014730247330521,0.4011093811263723,32.64044972789331,24.063147568932987,40.85633220225456,4.035276418212726,3086.531,4.201596709029412,3.296160957280199,0.9054357517492124,1.0200836420815376,1.89105229539079,85.49336177737963,14.506638222620367,0.000900670135969,0.0476279867121718,614,328,445,True,159.0,-0.0499074258552199,-0.0216433862837732,83,1.9049079394753687,1.905106852054852,-0.0001989125794832,-0.0006038113142912,0.0026250457186849,0.006948332064578,-0.0067403683657744,-7.7970000000000255,-0.0371107875088108,0.2223180304305501,-0.0011377358385386,0.0042216436307973,-0.0042986098201022,-5.014454545454558,0.000508661917455,0.0183755322228397,74.743774,360.7437744140625
B0007,290,24.0,1.6108655863730026,3.513443179473182,2.1843637809529235,4.201668680267049,0.2638836935216724,2.017304899314125,-1.898761620917719,-1.993529946094214,0.0007479343585839,0.4145639691317064,32.56399373078006,23.95500402082536,40.7780246115985,4.0489676097337375,3085.625,4.201668680267049,3.3160994964500823,0.8855691838169664,1.0115465447854737,1.89105229539079,85.1835557535501,14.816444246449905,-0.0058585939248874,-0.3098060238295375,614,324,445,True,155.0,-0.0499074258552199,-0.0216433862837732,84,1.898761620917719,1.9049079394753687,-0.0061463185576497,0.000900670135969,-0.0017022762846985,0.0199385391698831,-0.019866567932246,-0.9059999999999492,-0.0085370972960638,-0.0764559971132499,-0.0009837048260733,0.0049960216480629,-0.0051598614836382,-4.826587878787894,-0.0009827792781526,0.0413408854585598,63.034092,353.0340919494629
B0007,294,24.0,1.6006603374309376,3.509708940257453,2.113995772639173,4.202567159315787,0.2695757399413419,2.0885713866766142,-1.90433828068926,-1.993795039414877,0.002791130516547,0.4023836860850073,32.28305350922276,23.71296646985381,40.5829305350897,4.030966130077138,3067.203,4.202512585523171,3.299349705093624,0.9031628804295476,1.0460712480785883,1.89105229539079,84.64389595847521,15.356104041524787,-0.0102052489420649,-0.5396597950748827,614,320,445,True,151.0,-0.0499074258552199,-0.0216433862837732,85,1.90433828068926,1.898761620917719,0.0055766597715409,-0.0058585939248874,-0.0037342392157291,-0.0167497913564584,0.0175936966125812,-18.422000000000025,0.0345247032931146,-0.2809402215573016,-0.0009574074161415,0.004466676073558,-0.0046427152684328,-5.733848484848493,-0.0011944261490051,0.0419115196542354,70.31457,364.31456756591797
B0007,298,24.0,1.5959174487005665,3.5042771471757,2.0287779476202195,4.201472345711643,0.2759386941922997,2.172694398091424,-1.904192698545851,-1.994813747444024,0.0015411386303345,0.4031010093914232,32.06065237439007,23.38046937634272,40.6345689985191,4.1025915192805655,3058.157,4.201472345711643,3.2941059341780656,0.9073664115335776,1.0883307438207142,1.89105229539079,84.39308910654778,15.606910893452223,-0.004742888730371,-0.250806851927436,614,316,445,True,147.0,-0.0499074258552199,-0.0216433862837732,86,1.904192698545851,1.90433828068926,-0.0001455821434088,-0.0102052489420649,-0.0054317930817529,-0.0052437709155581,0.0042035311040299,-9.045999999999822,0.0422594957421258,-0.2224011348326939,-0.0012943465189819,0.0042262464486635,-0.0044716335953911,-6.456915151515152,0.0021272259828511,0.0283882322850918,63.123657,361.1236572265625
B0007,302,24.0,1.5962179519462243,3.509207943122176,2.1948906641943635,4.201332830124454,0.2640340111657324,2.006442165930091,-1.8982712229514884,-1.994905249607193,-7.384784317216585e-05,0.4163384641983915,32.365261126964526,23.58248831945852,40.75070125010339,4.154090104643841,3058.812,4.20121682733489,3.321071654405696,0.8801451729291938,1.0058204237991253,1.89105229539079,84.40897990165642,15.591020098343575,0.0003005032456577,0.0158907951086462,614,312,445,True,143.0,-0.0499074258552199,-0.0216433862837732,87,1.8982712229514884,1.904192698545851,-0.0059214755943626,-0.004742888730371,0.0049307959464757,0.0269657202276305,-0.0272212386043837,0.6549999999997453,-0.0825103200215888,0.3046087525744596,-0.0012644969062155,0.0054743627520701,-0.0056193224532467,-6.399084848484855,-0.0001128522970341,0.0235737075341082,61.47627,363.47626876831055
B0007,306,24.0,1.5958065114633972,3.5095064920492853,2.1621122251410005,4.201522880341636,0.2665102035429568,2.0394106552006352,-1.8977934870545985,-1.9940601969636649,0.0018530612527821,0.4164923578079049,32.68851871366292,23.98206918597125,41.0672419235651,4.12963931213872,3058.578,4.201188425441681,3.314895683672692,0.8862927417689894,1.0217932301442088,1.89105229539079,84.38722267771132,15.61277732228868,-0.000411440482827,-0.0217572239451016,614,308,445,True,139.0,-0.0499074258552199,-0.0216433862837732,88,1.8977934870545985,1.8982712229514884,-0.0004777358968899,0.0003005032456577,0.0002985489271094,-0.006175970733004,0.0061475688397956,-0.2339999999999236,0.0159728063450834,0.3232575866983964,-0.0008851935632264,0.0036319996547347,-0.0036963947416415,-5.6462121212121215,7.553672019885067e-05,0.0639332840748896,61.39818,367.39817810058594
B0007,310,24.0,1.5906507821480704,3.505203266169396,2.0092802451741245,4.201386492450036,0.2778003723633003,2.192106247275911,-1.903643646720525,-1.9937194932286224,0.0040410194427514,0.4037263184241458,32.747733642524246,24.051439279589804,41.40590880756584,4.151667084862949,3049.328,4.201316437036837,3.285250365344493,0.9160660716923444,1.0972817979792089,1.89105229539079,84.11458456358338,15.885415436416622,-0.0051557293153268,-0.2726381141279432,614,304,445,True,135.0,-0.0499074258552199,-0.0216433862837732,89,1.903643646720525,1.8977934870545985,0.0058501596659266,-0.000411440482827,-0.0043032258798891,-0.0296453183281992,0.029773329923355,-9.25,0.0754885678350001,0.0592149288613228,-0.0008652526183619,0.0019057054352683,-0.0019771428445154,-5.778418181818184,0.001816351244436,0.0689430681802913,57.62027,367.6202697753906
B0007,313,24.0,1.6888211161855506,3.528118234591976,2.144268362237989,4.233325435700087,0.2741630579925055,2.0890570734620977,-1.936992342648715,-1.9937139334305616,0.0010773421833417,0.3195835892676469,32.50500516961017,23.850620264439623,41.01558674901627,3.999264397606396,3177.219,4.2331462538907605,3.167885572406937,1.0652606814838237,1.0472559705872906,1.89105229539079,89.3058917673428,10.6941082326572,0.0981703340374802,5.191307203759422,614,301,445,True,132.0,-0.0499074258552199,-0.0216433862837732,90,1.936992342648715,1.903643646720525,0.0333486959281899,-0.0051557293153268,0.0229149684225795,-0.1173647929375558,0.1491946097914792,127.89100000000008,-0.0500258273919183,-0.2427284729140737,0.0002355067393589,-0.0066668539200011,0.0083237513056062,1.1435878787878844,0.0026691882357956,0.0403136429738566,95.82294,408.82293701171875
B0007,316,24.0,1.6259938279733204,3.519590928396835,2.09628137739202,4.203917718634026,0.2705473630434238,2.1076363412420065,-1.9233409193548263,-1.9940123642001173,0.0001619323178991,0.3573271222732376,32.91993878980996,24.43569034018692,41.31851435911838,3.9779476648867633,3082.937,4.203917718634026,3.2155768977103443,0.9883408209236816,1.05689675417144,1.89105229539079,85.98354640622486,14.01645359377514,-0.0628272882122302,-3.3223453611179394,614,298,445,True,129.0,-0.0499074258552199,-0.0216433862837732,91,1.9233409193548263,1.936992342648715,-0.0136514232938886,0.0981703340374802,-0.0085273061951407,0.0476913253034072,-0.0769198605601421,-94.28200000000017,0.0096407835841494,0.4149336201997897,0.0007125333446088,-0.0099472196437784,0.0113873309103719,1.9732848484848464,0.0027930855328123,0.0364112475621738,57.77671,373.7767105102539
B0007,320,24.0,1.6157433862812898,3.5146260368096875,2.037656085248936,4.202046403451837,0.2748582335987081,2.164390318202902,-1.916884219356136,-1.9933319825535087,0.0025807635004239,0.3729974923595268,32.948305858317944,24.481210786362457,41.4002950560853,4.0004148447474615,3074.266,4.201783140660278,3.237322371764735,0.9644607688955432,1.0844112912661446,1.89105229539079,85.44149679093846,14.55850320906154,-0.0102504416920305,-0.5420496152864018,614,294,445,True,125.0,-0.0499074258552199,-0.0216433862837732,92,1.916884219356136,1.9233409193548263,-0.0064566999986903,-0.0628272882122302,-0.0049648915871474,0.0217454740543905,-0.0238800520281383,-8.670999999999822,0.0275145370947045,0.0283670685079826,0.0008089869667432,-0.0116561745544515,0.0126870434463724,2.388836363636366,0.0057281811498624,0.0530701835155695,61.638935,381.6389350891113
B0007,324,24.0,1.6056626764846538,3.5115494818370454,2.050265845971926,4.201592874087554,0.2738568804220646,2.1513270281156283,-1.910472150518363,-1.9934516762680057,0.0003022515281129,0.3884097695100597,32.76906651915661,24.22844716982348,41.2508092329952,4.043926015268153,3066.0,4.201329890079568,3.265128362055365,0.9362015280242026,1.079033374240767,1.89105229539079,84.90842270191371,15.091577298086293,-0.010080709796636,-0.5330740890247512,614,290,445,True,121.0,-0.0499074258552199,-0.0216433862837732,93,1.910472150518363,1.916884219356136,-0.0064120688377729,-0.0102504416920305,-0.0030765549726421,0.0278059902906302,-0.0282592408713405,-8.266000000000076,-0.0053779170253775,-0.1792393391613345,0.0008871087986399,-0.0107562441788955,0.0113622316343324,2.0768909090909085,0.0055659819840221,0.0683472768057754,64.21155,388.2115478515625
B0007,328,24.0,1.5949746921524348,3.510769869032659,2.1421639870693685,4.201214370586727,0.2677238086862575,2.0590503835173584,-1.904277326283454,-1.994203337533412,-0.0006093698061376,0.4029610000929736,32.59734424608833,24.003142454503458,40.95362783962595,4.061553116289224,3056.437,4.200849613571161,3.296447022937046,0.9044025906341148,1.0328333737208817,1.89105229539079,84.34323556466374,15.656764435336257,-0.0106879843322189,-0.5651871372499642,614,286,445,True,117.0,-0.0499074258552199,-0.0216433862837732,94,1.904277326283454,1.910472150518363,-0.006194824234909,-0.010080709796636,-0.0007796128043864,0.0313186608816811,-0.0317989373900878,-9.563000000000102,-0.0462000005198852,-0.1717222730682763,0.0008528087727821,-0.0064426345957424,0.006605575965835,1.4317878787878726,0.0016001007620962,0.0676016427724247,60.771667,388.77166748046875
B0007,332,24.0,1.5904102438871943,3.50804494279531,2.093098662464846,4.201660608337926,0.2714351723858833,2.10856194587308,-1.904002494100001,-1.9942540792901025,0.000577433970476,0.403474714597581,32.52349894408369,23.879196296054904,40.989022190981714,4.1006818446076005,3048.219,4.201463797740503,3.2937623817098896,0.9077014160306128,1.0570125506121606,1.89105229539079,84.1018647534828,15.8981352465172,-0.0045644482652404,-0.2413708111809427,614,282,445,True,113.0,-0.0499074258552199,-0.0216433862837732,95,1.904002494100001,1.904277326283454,-0.0002748321834529,-0.0106879843322189,-0.0027249262373487,-0.0026846412271566,0.003298825396498,-8.217999999999847,0.0241791768912789,-0.0738453020046421,0.0004533308885721,-0.0031539009455553,0.0029734856165653,-0.5359090909090948,0.0009967084515336,0.0436944864009611,47.423866,379.42386627197266
B0007,336,24.0,1.5853517062988178,3.507748080950393,2.109503853325003,4.201750207865124,0.2705086991832359,2.092246354540121,-1.9036546380501311,-1.999980148540772,0.001450116371467,0.4043586768146547,32.578228834731775,23.935993772910926,41.02622774121347,4.111733496864432,3039.218,4.201750207865124,3.295607974447043,0.9061422334180808,1.04537559525306,1.89105229539079,83.83436619721833,16.16563380278167,-0.0050585375883764,-0.2674985562644707,614,278,445,True,109.0,-0.0499074258552199,-0.0216433862837732,96,1.9036546380501311,1.904002494100001,-0.0003478560498699,-0.0045644482652404,-0.0002968618449172,0.0018455927371534,-0.001559182612532,-9.001000000000204,-0.0116369553591006,0.0547298906480833,-0.0003042893324817,-4.635819639427749e-05,-0.0005184282028291,-3.3675272727272745,0.0024432509886337,0.0050313643504142,49.889854,385.88985443115234
B0007,340,24.0,1.5799737147242376,3.506667352106726,2.1295447836320704,4.201226117420626,0.2692433210994772,2.071681333788556,-1.8977146678452768,-1.995744295058308,0.0003095311788683,0.4177461648867441,32.62728298499839,23.980765847990668,41.01371342582121,4.116933403314129,3039.047,4.201226117420626,3.31453089957125,0.8866952178493763,1.0378885110998972,1.89105229539079,83.5499747191144,16.450025280885598,-0.0053779915745801,-0.2843914781039274,614,274,445,True,105.0,-0.0499074258552199,-0.0216433862837732,97,1.8977146678452768,1.9036546380501311,-0.0059399702048539,-0.0050585375883764,-0.0010807288436667,0.0189229251242069,-0.0194470155687044,-0.1709999999998217,-0.0074870841531626,0.0490541502666133,-0.0008342105943306,0.0058728522381234,-0.0068709990436512,-5.935242424242428,-0.001498612416573,-0.0169224806696165,41.37891,381.37891006469727
B0007,344,24.0,1.5752185465278068,3.50618439217454,2.138556110583413,4.201796973837129,0.2691227468747876,2.063240863253716,-1.8973347377958825,-1.995283636272928,0.0007088973292597,0.4182360497473145,32.652115712561326,23.999220368885872,41.04923314430273,4.118310158305885,3030.375,4.20172950022185,3.316265649872767,0.8854638503490828,1.0336916739513873,1.89105229539079,83.29851852152426,16.701481478475742,-0.0047551681964308,-0.2514561975901443,614,270,445,True,101.0,-0.0499074258552199,-0.0216433862837732,98,1.8973347377958825,1.8977146678452768,-0.0003799300493947,-0.0053779915745801,-0.000482959932186,0.0017347503015172,-0.0012313675002935,-8.672000000000025,-0.0041968371485099,0.0248327275629378,-0.0013397768207889,0.0115542359109411,-0.0129602919457173,-8.752000000000002,-0.0049932445438538,-0.0191473300188529,47.053486,391.0534858703613
B0007,348,24.0,1.569798484648868,3.5051004339266254,2.143779366990932,4.201200470517945,0.2689389259212894,2.057421103527013,-1.8970045774163773,-1.9943198333456515,0.0016972268277341,0.4188464005659871,32.64767456395258,23.973654052530293,41.05277512550887,4.135322062548897,3021.0,4.201200470517945,3.3180552739333047,0.88314519658464,1.0307632858349884,1.89105229539079,83.01190234003897,16.988097659961028,-0.0054200618789388,-0.2866161814852859,614,266,445,True,97.0,-0.0499074258552199,-0.0216433862837732,99,1.8970045774163773,1.8973347377958825,-0.0003301603795051,-0.0047551681964308,-0.0010839582479147,0.0017896240605375,-0.0023186537644428,-9.375,-0.0029283881163988,-0.0044411486087483,-0.0021510818906444,0.0153402752354831,-0.0171811210410154,-12.354933333333337,-0.0037592593043282,-0.017225513415368,42.81851,390.81850814819336
B0007,352,24.0,1.5702565375950357,3.5054479186890566,2.199196544880164,4.201289094579205,0.2654737839390413,2.002092549699041,-1.890912739928928,-1.9968908750212224,0.0050718814465873,0.4318752742370957,32.6993879231031,24.01135599553165,41.02092182377061,4.1434355534635925,3021.75,4.201289094579205,3.337661100143437,0.8636279944357681,1.0000648329899304,1.89105229539079,83.0361244595057,16.9638755404943,0.0004580529461677,0.024222119466728,614,262,445,True,93.0,-0.0499074258552199,-0.0216433862837732,100,1.890912739928928,1.8970045774163773,-0.0060918374874496,-0.0054200618789388,0.0003474847624311,0.0196058262101321,-0.0195172021488718,0.75,-0.030698452845058,0.0517133591505256,-0.0014145222332526,0.0119737684776036,-0.0121211765691508,-7.047521212121208,-0.0067285052928523,-0.0274520290091967,49.661716,401.66171646118164
B0007,356,24.0,1.565249873909438,3.500074246846,2.0252901014990434,4.201033482375415,0.2780974884933766,2.1757433808763715,-1.8968789299198896,-1.9939195524210047,-9.090347803085198e-05,0.4193757586765284,32.724576765133094,24.011740056772418,41.34840278359994,4.183372291476193,3012.265,4.200987543108535,3.3084712639892704,0.8925162791192642,1.0912388996064628,1.89105229539079,82.77136902689281,17.228630973107187,-0.0050066636855976,-0.2647554326128869,614,258,445,True,89.0,-0.0499074258552199,-0.0216433862837732,101,1.8968789299198896,1.890912739928928,0.0059661899909619,0.0004580529461677,-0.0053736718430563,-0.0291898361541664,0.0288882846834961,-9.485000000000127,0.0911740666165323,0.0251888420299906,-0.0012647673208803,0.0081366253407966,-0.0081694656119164,-6.6584666666666745,-0.0035098876803511,-0.0109985210061664,44.782093,400.7820930480957
B0007,360,24.0,1.559633933561147,3.5011647157526498,2.0874226328484515,4.201482697501314,0.2734435466054509,2.1140600646528624,-1.8964710309338209,-1.9941986616958327,0.0010516290130581,0.4198750606930129,32.70434030242972,23.99347983811607,41.23753665797544,4.172822950886433,3002.641,4.201468313659235,3.31616190352511,0.8853064101341248,1.0595463007810209,1.89105229539079,82.4743946723507,17.525605327649302,-0.0056159403482909,-0.2969743545421153,614,254,445,True,85.0,-0.0499074258552199,-0.0216433862837732,102,1.8964710309338209,1.8968789299198896,-0.0004078989860687,-0.0050066636855976,0.0010904689066495,0.0076906395358395,-0.0072098689851394,-9.623999999999796,-0.0316925988254419,-0.020236462703373,-0.0011499592218238,0.0050426775849776,-0.0050415141066029,-6.515793939393936,-0.0006019232330455,0.0086103423823862,39.818592,399.8185920715332
B0007,364,24.0,1.5649820533392105,3.500407285435189,2.0863200514042264,4.196165946742788,0.2727539732933852,2.109845895338561,-1.8967768141795405,-1.9932029763532653,0.0024946169574364,0.4196828008013977,32.74051962267582,24.069019867711653,41.21700308433066,4.141460947088176,3012.0,4.1961027546611325,3.3086447213643893,0.8874580332967432,1.0571971938085554,1.89105229539079,82.75720651161599,17.24279348838401,0.0053481197780633,0.2828118392652925,614,250,445,True,81.0,-0.0499074258552199,-0.0216433862837732,103,1.8967768141795405,1.8964710309338209,0.0003057832457196,-0.0056159403482909,-0.0007574303174608,-0.0075171821607207,0.0021516231626184,9.358999999999924,-0.0023491069724654,0.0361793202460987,-0.0011184016405984,0.0024368037093385,-0.0027207039564309,-5.545515151515144,0.0021207741290412,0.0212004922146761,33.15971,397.1597099304199
B0007,367,24.0,1.57497949984227,3.507816455272743,2.0588247910323827,4.205246397279064,0.2757283357353109,2.146421606246681,-1.90314856001036,-1.99697276936168,0.0002870995994081,0.4052945132199409,33.38712825139849,24.773284683784794,41.89753189273277,4.106168727289112,3020.11,4.205246397279064,3.2797614304472664,0.9254849668317972,1.0746831895056213,1.89105229539079,83.28587758683834,16.71412241316166,0.0099974465030594,0.5286710752223485,614,247,445,True,78.0,-0.0499074258552199,-0.0216433862837732,104,1.90314856001036,1.8967768141795405,0.0063717458308192,0.0053481197780633,0.0074091698375542,-0.0288832909171228,0.0380269335350539,8.110000000000127,0.0174859956970658,0.6466086287226673,-0.0005996247836551,-0.0001840826946257,0.0001452036481618,-4.115860606060596,0.0029819340148812,0.0579580750634179,46.06463,413.0646286010742
B0007,371,24.0,1.5652811168780458,3.5025243992110107,2.007722684403967,4.201509838937999,0.2793983050650545,2.193787154534032,-1.9028574663381217,-2.0040394709724123,0.0011258644840676,0.406602016926949,33.270627344923426,24.60432088403771,41.90270996402953,4.15734860812137,3002.172000000006,4.201413874880438,3.2816898392310923,0.9197240356493456,1.0940679632458397,1.89105229539079,82.77302117414882,17.226978825851177,-0.009698382964224,-0.5128564126895157,614,243,445,True,74.0,-0.0499074258552199,-0.0216433862837732,105,1.9028574663381217,1.90314856001036,-0.000291093672238,0.0099974465030594,-0.0052920560617324,0.0019284087838258,-0.0057609311824515,-17.93799999999419,0.0193847737402184,-0.1165009064750606,-0.00051536832457,-0.0026765096408004,0.0026612563819914,-3.772181818181481,0.006005119827367,0.0738649034215723,48.770603,419.77060317993164
B0007,375,24.0,1.559755497470126,3.505155823274424,2.190682586389996,4.201909525379603,0.2671609601841865,2.0112269389896067,-1.8963219640753084,-2.0003771874564404,0.0012275375949171,0.4207390457585838,33.115074143665915,24.423639542020226,41.48233804274523,4.145666540073196,2992.703,4.201648832380503,3.3192912535815724,0.8823575787989304,1.0048072498120235,1.89105229539079,82.48082304608076,17.519176953919242,-0.0055256194079198,-0.2921981280680654,614,239,445,True,70.0,-0.0499074258552199,-0.0216433862837732,106,1.8963219640753084,1.9028574663381217,-0.0065355022628132,-0.009698382964224,0.0026314240634133,0.0376014143504801,-0.0373664568504151,-9.469000000005964,-0.0892607134338161,-0.1555532012575113,-0.0002404547536957,-0.0028485769856382,0.0028894645120084,-3.986915151514897,0.0029345859118418,0.0758795692593137,39.62424,414.62424087524414
B0007,379,24.0,1.549897685670499,3.498364647513572,2.008435320437976,4.199865517000471,0.2800179112567817,2.1914301965624947,-1.908430732943726,-2.005293715624197,0.0010402847333103,0.3948750790494943,32.90572814040102,24.19968791502018,41.6411622659972,4.18531988772862,2964.468,4.199365579406469,3.271441637834264,0.9279239415722048,1.0922559235760372,1.89105229539079,81.95953593923268,18.04046406076732,-0.009857811799627,-0.521287106848078,614,235,445,True,66.0,-0.0499074258552199,-0.0216433862837732,107,1.908430732943726,1.8963219640753084,0.0121087688684176,-0.0055256194079198,-0.0067911757608518,-0.0478496157473085,0.0455663627732744,-28.235000000000127,0.0874486737640136,-0.2093460032648977,-0.0003765962360095,-0.00465616507974,0.004594941750765,-5.189321212121038,0.0046265782331251,0.0632384230102695,47.268414,426.2684135437012
B0007,383,24.0,1.543877153134502,3.500140843862167,2.164636064139996,4.200859733656452,0.2688781343035709,2.036223669516456,-1.889754408573026,-1.9945472659822976,0.0003412651456227,0.4344167924236918,32.953112654161664,24.11639369687997,41.433877603827945,4.228928723876436,2983.375,4.200859733656452,3.335511958247668,0.8653477754087842,1.020720525354449,1.89105229539079,81.6411665027728,18.358833497227195,-0.0060205325359969,-0.318369436459875,614,231,445,True,62.0,-0.0499074258552199,-0.0216433862837732,108,1.889754408573026,1.908430732943726,-0.0186763243706999,-0.009857811799627,0.0017761963485947,0.0640703204134038,-0.0625761661634206,18.907000000000156,-0.0715353982215882,0.0473845137606474,-0.0003474127663864,-0.0023310643222582,0.0023053402900084,-5.034581818181715,0.0014778516599831,0.0514623089808185,41.358547,424.35854721069336
B0007,387,24.0,1.5450187488690073,3.49909547013937,2.064742753691984,4.20162098338246,0.2760027250501692,2.1368782296904767,-1.895916758897512,-1.9938553434941435,-0.0006483552972097,0.4220196727922293,33.2282109237263,24.459092848668902,41.8543569979417,4.2233786094138015,2975.297,4.20162098338246,3.309262641432676,0.8923583419497838,1.0720804423947503,1.89105229539079,81.70153478223752,18.298465217762484,0.0011415957345053,0.0603682794647113,614,227,445,True,58.0,-0.0499074258552199,-0.0216433862837732,109,1.895916758897512,1.889754408573026,0.006162350324486,-0.0060205325359969,-0.0010453737227966,-0.0262493168149919,0.0270105665409996,-8.077999999999975,0.0513599170403014,0.2750982695646371,-0.0003742584337783,-0.0015517247976177,0.001578296752529,-5.375763636363602,0.0010925752763938,0.0507470307585484,39.544662,426.54466247558594
B0007,391,24.0,1.5445940154102908,3.501035761164061,2.170172617792397,4.201149059944848,0.2690639185860018,2.0309764421524514,-1.889387844169526,-1.994538814315664,0.0027223591581976,0.4354171727207348,33.361342590516294,24.609806274773607,41.78271326384125,4.200820925974331,2974.9850000000006,4.201112398367318,3.3329781009294663,0.8681342974378516,1.016880751063692,1.89105229539079,81.6790746176111,18.320925382388893,-0.0004247334587164,-0.022460164626409,614,223,445,True,54.0,-0.0499074258552199,-0.0216433862837732,110,1.889387844169526,1.895916758897512,-0.0065289147279861,0.0011415957345053,0.0019402910246908,0.0237154594967905,-0.0242240445119321,-0.3119999999994434,-0.0551996913310584,0.1331316667899926,-0.0001993169546037,0.001934817689349,-0.0018828796029823,-5.129987878787883,-0.0048509709035268,0.0537042327315404,42.053574,433.05357360839844
B0007,395,24.0,1.5343086721758876,3.497212315865497,2.120750718982474,4.200810741834928,0.2725395525815381,2.080060022852454,-1.88891859636704,-2.0003871362753527,0.0017320639758289,0.4358379461976045,33.12431679486816,24.334930769941984,41.62744766181303,4.219242537204774,2966.25,4.200810741834928,3.333293705571698,0.8675170362632305,1.038929161955739,1.89105229539079,81.13517938745419,18.864820612545813,-0.0102853432344032,-0.5438952301569202,614,219,445,True,50.0,-0.0499074258552199,-0.0216433862837732,111,1.88891859636704,1.889387844169526,-0.0004692478024863,-0.0004247334587164,-0.0038234452985639,0.0003156046422314,-0.0006172611746211,-8.735000000000582,0.0220484108920471,-0.2370257956481367,-0.0005376911294334,0.0035493495248745,-0.003506460958841,-5.426151515151607,-0.003717434691552,0.0373883181388978,42.463184,437.46318435668945
B0007,399,24.0,1.5287603942958483,3.496089957852059,2.13627215665258,4.200373974181371,0.271483182584801,2.064101817528791,-1.888507115001076,-1.996471333028226,0.0004949274212671,0.4362675159871197,32.991553593266204,24.14077679739368,41.552128441464966,4.259597344555285,2956.359,4.200351170622191,3.335626153934355,0.8647250166878364,1.0336187738415703,1.89105229539079,80.84178306554588,19.15821693445412,-0.0055482778800393,-0.293396321908304,614,215,445,True,46.0,-0.0499074258552199,-0.0216433862837732,112,1.888507115001076,1.88891859636704,-0.0004114813659639,-0.0102853432344032,-0.001122358013438,0.0023324483626572,-0.0027920195753941,-9.891000000000076,-0.0053103881141687,-0.1327632016019535,-0.0008298968326679,0.0055029370391472,-0.0054599710983542,-6.345666666666837,-0.0043523385087041,0.0076363431606503,38.405087,437.405086517334
B0007,403,24.0,1.5289260249179843,3.495877119417779,2.093857236476905,4.201791474587699,0.2745316604198063,2.107934238110793,-1.88881808207332,-1.9936433250812409,0.0010239776284218,0.4365325722003185,33.2318318845246,24.39166057089849,41.839167194182565,4.262261181975609,2956.344,4.201791474587699,3.330409249627142,0.871382224960557,1.0567848759776948,1.89105229539079,80.85054171397351,19.149458286026487,0.000165630622136,0.00875864842763,614,211,445,True,42.0,-0.0499074258552199,-0.0216433862837732,113,1.88881808207332,1.888507115001076,0.0003109670722443,-0.0055482778800393,-0.0002128384342801,-0.0052169043072129,0.0066572082727205,-0.0149999999998726,0.0231661021361244,0.2402782912583987,-0.0011226950425654,0.0064348903512906,-0.0066574478067411,-6.081072727272972,-0.003565970832481,-0.0100789617426898,34.0728,437.0727996826172
B0007,407,24.0,1.529091650133123,3.493116071455022,1.9959465760122976,4.20067023466464,0.2817618222544089,2.204723658652343,-1.8887930414931369,-1.9952567240378405,0.0018837863099458,0.4365818139018804,33.5098123920945,24.67206702561961,42.23998716092915,4.274457633860022,2956.406,4.20049747493448,3.3206227363539624,0.8798747385805172,1.103940182089846,1.89105229539079,80.85930007647583,19.140699923524167,0.0001656252151387,0.0087583625023199,614,207,445,True,38.0,-0.0499074258552199,-0.0216433862837732,114,1.8887930414931369,1.88881808207332,-2.504058018315547e-05,0.000165630622136,-0.0027610479627568,-0.0097865132731795,0.0084925136199602,0.0619999999998981,0.0471553061121512,0.2779805075699002,-0.0010172401095351,0.0046436686569342,-0.0046617093142939,-4.597812121212439,0.0009632352882195,0.0245202482653691,39.120102,446.12010192871094
B0007,411,24.0,1.5239059324661248,3.492655946458748,2.0305769860653866,4.20021831736756,0.279043030854902,2.1696413313021736,-1.888168080257056,-2.001090966399853,-0.0001323108239163,0.4371486128735513,33.382402850667845,24.56852628281145,42.04090238497712,4.268524433351918,2947.266,4.200200522961112,3.325515911717548,0.8746846112435636,1.0843009300847772,1.89105229539079,80.5850761600015,19.41492383999849,-0.0051857176669982,-0.2742239164743267,614,203,445,True,34.0,-0.0499074258552199,-0.0216433862837732,115,1.888168080257056,1.8887930414931369,-0.0006249612360809,0.0001656252151387,-0.0004601249962741,0.0048931753635854,-0.0051901273369536,-9.139999999999873,-0.0196392520050687,-0.1274095414266582,-0.0011115001705052,0.0027526194660988,-0.0027802795038891,-4.036793939393934,0.0053588975175768,0.0429160393312608,39.921494,450.92149353027344
B0007,415,24.0,1.5186675419100617,3.49208824531703,2.0758803797636745,4.200674971032527,0.2761335994927761,2.124794591268852,-1.887904907597145,-1.9951199234830208,0.0011947086906479,0.4379482947898885,33.17829959346276,24.34305560390618,41.803429062834496,4.274613938139993,2937.984,4.200674971032527,3.333109444153607,0.8675655268789195,1.064358572052988,1.89105229539079,80.30806686899294,19.69193313100706,-0.0052383905560631,-0.2770092910085679,614,199,445,True,30.0,-0.0499074258552199,-0.0216433862837732,116,1.887904907597145,1.888168080257056,-0.0002631726599109,-0.0051857176669982,-0.0005677011417177,0.0075935324360592,-0.007119084364644,-9.282000000000153,-0.0199423580317892,-0.2041032572050838,-0.0009416798682838,0.0032512987892446,-0.0032323280924225,-3.9478060606060654,0.002834468815201,0.038453857426442,35.433914,450.4339141845703
B0007,419,24.0,1.5136482266426952,3.490216477408044,2.079354904824249,4.200371214024706,0.2758276886812699,2.121016309200457,-1.8877303662432203,-1.995116853206629,0.0010653130649685,0.4384469835295734,33.01591345323486,24.0993140682898,41.6886924602386,4.313576443869671,2929.125,4.200371214024706,3.3357107086010784,0.8646605054236276,1.0625364483453033,1.89105229539079,80.04264241301145,19.95735758698855,-0.0050193152673665,-0.2654244559814884,614,195,445,True,26.0,-0.0499074258552199,-0.0216433862837732,117,1.8877303662432203,1.887904907597145,-0.0001745413539246,-0.0052383905560631,-0.0018717679089861,0.0026012644474713,-0.0029050214552919,-8.858999999999924,-0.0018221237076847,-0.1623861402279018,-0.001168306163853,0.0005343976618618,-0.0006257772794504,-5.561109090909111,0.0053187289222377,0.0104114803849039,40.634827,459.63482666015625
B0007,423,24.0,1.5136050185229033,3.490593195862046,2.0585109366080414,4.200965645223048,0.277468540309286,2.142454708615007,-1.887807716329412,-1.99495231189078,0.0004787085189064,0.438505597682676,33.271000362987586,24.36377918362768,41.98817160118213,4.3242665867829135,2928.454,4.200965645223048,3.33093981123572,0.8700258339873281,1.0736801656892834,1.89105229539079,80.04035754125528,19.959642458744725,-4.32081197918599e-05,-0.0022848717561743,614,191,445,True,22.0,-0.0499074258552199,-0.0216433862837732,118,1.887807716329412,1.8877303662432203,7.735008619125239e-05,-0.0050193152673665,0.0003767184540022,-0.0047708973653586,0.0053653285637005,-0.6709999999998217,0.0111437173439801,0.2550869097527268,-0.0011572053919579,0.001049601423725,-0.0011314870630065,-5.522145454545471,0.0040020376724248,-0.0018936771810342,36.857994,459.85799407958984
B0007,427,24.0,1.5139470614867965,3.4911419366203664,2.0253107306977376,4.201492773602507,0.2798972380490623,2.17618204290477,-1.887674933393443,-1.994323430810411,0.0014011551714919,0.4384231819570503,33.61966967517867,24.74466282559706,42.33252236723314,4.305718262524468,2929.375,4.20138339090339,3.325286281364161,0.8760971095392294,1.0904220242564588,1.89105229539079,80.05844498202711,19.941555017972888,0.0003420429638931,0.0180874407718363,614,187,445,True,18.0,-0.0499074258552199,-0.0216433862837732,119,1.887674933393443,1.887807716329412,-0.0001327829359685,-4.32081197918599e-05,0.0005487407583202,-0.0056535298715587,0.0060712755519012,0.9209999999998216,0.0167418585671754,0.3486693121910846,-0.0010701358208242,-0.0004381036615939,0.0004379643338071,-5.305769696969721,0.0063805981430859,0.0193061916607786,40.91369,467.91368865966797
B0007,431,24.0,1.5339599193158786,3.49283645226053,2.0069579017420067,4.192768207316796,0.280648377364394,2.185810305574789,-1.901022727285377,-1.993558124867768,0.0001912373509952,0.4101892452322283,33.29697162630193,24.95875411585554,41.63553796804361,4.0496455069214905,2946.031,4.192472918500566,3.275520043283547,0.9169528752170186,1.0963315384549086,1.89105229539079,81.1167371232789,18.883262876721105,0.0200128578290821,1.0582921412517834,614,183,445,True,14.0,-0.0499074258552199,-0.0216433862837732,120,1.901022727285377,1.887674933393443,0.0133477938919339,0.0003420429638931,0.0016945156401635,-0.0497662380806138,0.0408557656777892,16.65599999999995,0.0059095141984497,-0.3226980488767381,-0.000664878921987,-0.0032535261294813,0.0028180815869235,-3.645054545454541,0.0051791941253895,0.0270348386352856,34.24673,465.24673080444336
B0007,433,24.0,1.5391372798653098,3.5025157522808223,2.19792648712031,4.204602036514753,0.2689584358507598,2.006675549394444,-1.8951144121477888,-2.002748484975491,0.0030058963802608,0.4233283885716984,33.393130865360554,24.95211336056763,41.470498076928735,4.027667151212495,2955.438,4.204602036514753,3.308772267470376,0.8958297690443775,1.000459262633179,1.89105229539079,81.39051911027366,18.609480889726346,0.0051773605494311,0.2737819869947628,614,181,445,True,12.0,-0.0499074258552199,-0.0216433862837732,121,1.8951144121477888,1.901022727285377,-0.0059083151375878,0.0200128578290821,0.0096793000202923,0.0332522241868287,-0.0211231061726411,9.407000000000153,-0.0958722758217296,0.0961592390586218,0.0001128290053682,-0.0035376893001696,0.0034131383307494,-1.7026060606060514,-0.0007447525430068,0.0249870694148037,37.372414,470.3724136352539
B0007,437,24.0,1.5236247972838737,3.492953565598811,2.0299415196572554,4.200995491738166,0.2795996279931968,2.171053972080911,-1.8941478117057609,-1.9944619397860408,0.0013222402114302,0.4245154192335867,33.13820710362847,24.59206034022774,41.54038193238441,4.122985103685159,2937.625,4.200867542772572,3.301562663091317,0.8993048796812544,1.0878200127248536,1.89105229539079,80.57020955991136,19.42979044008864,-0.0155124825814361,-0.8203095503622961,614,177,445,True,8.0,-0.0499074258552199,-0.0216433862837732,122,1.8941478117057609,1.8951144121477888,-0.0009666004420283,0.0051773605494311,-0.0095621866820114,-0.0072096043790588,0.0034751106368768,-17.813000000000102,0.0873607500916746,-0.254923761732087,0.0002298551683806,-0.0037623775085529,0.0036684272857285,-1.2601212121212098,-0.0017912914525284,-0.0030748647401937,40.731052,477.73105239868164
B0007,441,24.0,1.5135813035589147,3.491746263651724,2.117150391576778,4.201036137691208,0.2735087098161374,2.0838857461144293,-1.887504201472892,-1.993640903324712,0.0019620386177833,0.4382617517151343,32.84069778843796,24.21295183077047,41.13947017697289,4.157487508293686,2929.078,4.201036137691208,3.32941289444089,0.8716232432503181,1.0442386620687183,1.89105229539079,80.03910347947992,19.96089652052008,-0.0100434937249589,-0.5311060804314423,614,173,445,True,4.0,-0.0499074258552199,-0.0216433862837732,123,1.887504201472892,1.8941478117057609,-0.0066436102328688,-0.0155124825814361,-0.0012073019470868,0.0278502313495727,-0.0276816364309362,-8.547000000000025,-0.0435813506561353,-0.2975093151905099,0.0003048561447605,-0.002402865011161,0.0024384728294024,-1.057757575757574,-0.0043275728479555,-0.0331236452806259,41.798275,482.7982749938965
B0007,445,24.0,1.5077850749847914,3.490432264232956,2.130989905274772,4.200762329918291,0.2729068935891816,2.0697724246435194,-1.887143404342272,-1.994011319738722,0.0007664599576748,0.4390627573549804,32.75739655594484,24.08347032776052,41.09041922644824,4.183156275222846,2918.375,4.200512464044564,3.3330073089590666,0.8675051550854977,1.037595488435076,1.89105229539079,79.7325953734772,20.267404626522804,-0.0057962285741233,-0.3065081060027239,614,169,445,True,0.0,-0.0499074258552199,-0.0216433862837732,124,1.887143404342272,1.887504201472892,-0.00036079713062,-0.0100434937249589,-0.0013139994187678,0.0035944145181767,-0.0041180881648203,-10.702999999999976,-0.0066431736336423,-0.0833012324931203,0.00017418554037,-0.0014876507257018,0.0015471415231167,-1.10456363636364,-0.0039304467746018,-0.0444430762270938,38.426132,483.42613220214844
